0 25
0 103
0 111
0 185
0 252
0 280
0 300
0 320
0 375
0 380
0 424
0 460
0 496
0 544
0 635
0 655
0 727
0 772
0 822
0 908
0 972
0 979
0 984
1 33
1 73
1 167
1 190
1 290
1 386
1 392
1 509
1 519
1 555
1 563
1 750
1 763
1 778
1 850
1 911
1 917
1 953
1 965
2 72
2 82
2 87
2 197
2 199
2 244
2 286
2 312
2 316
2 338
2 437
2 480
2 501
2 573
2 586
2 601
2 606
2 615
2 628
2 685
2 686
2 724
2 827
2 902
2 934
3 72
3 83
3 135
3 160
3 169
3 207
3 221
3 272
3 311
3 422
3 437
3 488
3 702
3 722
3 727
3 752
3 766
3 793
3 895
3 907
4 32
4 38
4 40
4 83
4 169
4 172
4 408
4 529
4 537
4 571
4 578
4 587
4 639
4 646
4 659
4 661
4 741
4 745
4 750
4 793
4 885
4 944
4 988
5 29
5 36
5 67
5 254
5 322
5 323
5 329
5 360
5 429
5 499
5 599
5 770
5 859
5 864
5 876
5 895
5 919
6 74
6 110
6 133
6 206
6 226
6 237
6 315
6 328
6 345
6 354
6 448
6 456
6 498
6 581
6 595
6 710
6 735
6 831
6 866
6 901
6 993
7 65
7 73
7 75
7 80
7 122
7 129
7 223
7 251
7 303
7 317
7 351
7 372
7 414
7 436
7 641
7 649
7 689
7 705
7 773
7 796
7 807
7 854
7 931
7 952
7 963
7 986
7 990
8 73
8 138
8 148
8 190
8 237
8 244
8 258
8 286
8 340
8 411
8 451
8 516
8 519
8 582
8 587
8 611
8 621
8 635
8 647
8 665
8 681
8 684
8 694
8 819
8 892
8 936
8 982
8 996
9 166
9 170
9 371
9 393
9 431
9 464
9 531
9 639
9 668
9 719
9 734
9 776
9 848
9 878
9 929
9 969
9 982
10 53
10 137
10 141
10 157
10 198
10 227
10 505
10 514
10 567
10 582
10 596
10 604
10 622
10 761
10 812
10 813
10 900
10 960
11 205
11 236
11 266
11 376
11 389
11 408
11 422
11 425
11 430
11 431
11 443
11 556
11 590
11 670
11 694
11 696
11 724
11 749
11 755
11 776
11 783
11 785
11 795
11 807
11 811
11 812
11 912
11 969
11 997
12 41
12 85
12 146
12 182
12 238
12 323
12 342
12 369
12 401
12 452
12 457
12 459
12 490
12 587
12 670
12 671
12 737
12 800
12 851
12 870
12 877
12 901
12 914
13 103
13 119
13 434
13 444
13 488
13 551
13 772
13 909
13 929
13 983
14 15
14 18
14 56
14 75
14 217
14 227
14 319
14 380
14 409
14 414
14 438
14 447
14 510
14 528
14 585
14 604
14 625
14 674
14 800
14 819
14 908
15 19
15 24
15 28
15 32
15 121
15 146
15 189
15 217
15 240
15 277
15 310
15 329
15 342
15 375
15 580
15 660
15 661
15 776
15 925
16 128
16 166
16 278
16 387
16 511
16 700
16 733
16 755
16 775
16 809
16 813
16 914
16 984
17 31
17 33
17 55
17 58
17 77
17 234
17 237
17 401
17 412
17 430
17 579
17 599
17 617
17 661
17 677
17 772
17 786
17 793
17 854
17 871
18 105
18 244
18 345
18 364
18 386
18 444
18 553
18 586
18 656
18 679
18 845
18 909
18 974
19 137
19 140
19 189
19 304
19 326
19 333
19 374
19 396
19 422
19 505
19 579
19 620
19 689
19 740
19 791
19 823
19 825
19 833
19 858
19 962
19 967
19 978
20 66
20 85
20 120
20 214
20 249
20 271
20 285
20 327
20 356
20 420
20 432
20 458
20 490
20 513
20 526
20 548
20 614
20 623
20 701
20 766
20 773
20 852
20 991
21 182
21 213
21 258
21 260
21 294
21 308
21 321
21 366
21 378
21 409
21 435
21 483
21 550
21 734
21 857
21 860
21 889
21 956
21 984
22 39
22 75
22 108
22 270
22 339
22 392
22 427
22 491
22 551
22 614
22 634
22 699
22 813
22 856
22 865
22 880
22 903
22 905
22 931
23 112
23 208
23 229
23 270
23 375
23 405
23 449
23 530
23 536
23 538
23 547
23 574
23 649
23 833
23 849
23 893
23 910
23 997
24 82
24 106
24 147
24 181
24 256
24 281
24 307
24 324
24 382
24 403
24 453
24 501
24 603
24 607
24 613
24 616
24 619
24 644
24 717
24 721
24 763
24 789
24 828
24 856
24 863
24 866
24 909
24 937
25 52
25 292
25 342
25 368
25 400
25 471
25 492
25 496
25 553
25 593
25 664
25 824
25 944
26 31
26 35
26 52
26 127
26 266
26 325
26 399
26 451
26 526
26 785
26 796
26 828
26 865
26 903
26 917
26 959
26 981
26 991
27 313
27 342
27 349
27 366
27 383
27 406
27 421
27 425
27 436
27 492
27 513
27 519
27 526
27 528
27 573
27 609
27 625
27 655
27 716
27 819
27 890
27 955
28 43
28 83
28 258
28 263
28 317
28 379
28 424
28 425
28 436
28 513
28 675
28 730
28 771
28 786
28 871
28 909
28 913
29 45
29 91
29 149
29 216
29 221
29 238
29 282
29 321
29 465
29 466
29 983
30 83
30 216
30 304
30 526
30 549
30 595
30 641
30 782
30 785
30 786
30 827
30 881
30 991
30 994
31 56
31 66
31 112
31 163
31 262
31 333
31 365
31 399
31 473
31 509
31 604
31 665
31 680
31 762
31 763
31 807
31 858
31 895
31 989
32 37
32 115
32 122
32 126
32 174
32 191
32 226
32 270
32 340
32 546
32 601
32 620
32 630
32 709
32 767
32 795
32 803
32 906
32 922
33 80
33 93
33 174
33 191
33 292
33 318
33 320
33 423
33 426
33 461
33 526
33 601
33 649
33 787
33 996
34 65
34 100
34 125
34 137
34 182
34 224
34 245
34 269
34 286
34 318
34 433
34 473
34 494
34 519
34 582
34 629
34 691
34 705
34 724
34 898
34 933
35 51
35 118
35 259
35 275
35 398
35 421
35 439
35 458
35 512
35 518
35 607
35 661
35 768
35 828
35 875
35 966
36 262
36 294
36 420
36 456
36 467
36 528
36 815
36 851
36 857
36 876
36 908
36 920
36 961
36 977
37 76
37 83
37 145
37 168
37 272
37 403
37 415
37 431
37 433
37 436
37 449
37 469
37 518
37 532
37 565
37 665
37 719
37 726
37 793
37 802
37 830
37 880
37 943
37 946
38 48
38 54
38 127
38 242
38 328
38 435
38 471
38 545
38 562
38 644
38 674
38 705
38 738
38 764
38 942
38 958
38 978
38 979
39 84
39 99
39 115
39 121
39 132
39 156
39 177
39 200
39 203
39 231
39 259
39 287
39 334
39 423
39 777
39 819
39 852
39 939
39 949
40 52
40 115
40 132
40 181
40 277
40 297
40 336
40 469
40 484
40 487
40 518
40 524
40 583
40 694
40 712
40 798
40 803
40 850
40 934
41 152
41 189
41 205
41 297
41 345
41 356
41 392
41 519
41 675
41 684
41 691
41 781
41 963
41 965
41 971
41 979
42 97
42 147
42 275
42 341
42 456
42 535
42 558
42 560
42 725
42 763
42 790
42 886
42 989
43 70
43 94
43 101
43 324
43 374
43 383
43 483
43 551
43 662
43 846
43 855
43 858
43 906
43 949
44 50
44 162
44 244
44 245
44 314
44 337
44 366
44 377
44 420
44 473
44 512
44 515
44 555
44 559
44 577
44 695
44 801
44 886
44 940
44 966
44 985
45 304
45 390
45 412
45 513
45 532
45 536
45 704
45 794
45 858
45 947
45 962
45 985
45 986
46 87
46 139
46 175
46 190
46 233
46 323
46 346
46 563
46 577
46 580
46 581
46 589
46 691
46 727
46 745
46 760
46 903
46 930
46 984
47 48
47 85
47 106
47 192
47 227
47 265
47 334
47 379
47 406
47 478
47 631
47 654
47 747
47 857
47 994
48 113
48 186
48 215
48 333
48 393
48 426
48 442
48 614
48 618
48 663
48 677
48 758
48 771
48 886
48 912
48 976
48 989
49 57
49 67
49 159
49 251
49 259
49 354
49 392
49 396
49 456
49 519
49 565
49 604
49 627
49 636
49 731
49 787
49 824
49 850
49 884
49 939
50 97
50 115
50 266
50 327
50 330
50 375
50 376
50 392
50 426
50 448
50 480
50 627
50 630
50 684
50 735
50 751
50 776
50 827
50 880
50 962
50 990
51 76
51 80
51 88
51 219
51 435
51 634
51 656
51 660
51 856
51 972
52 144
52 180
52 204
52 235
52 260
52 280
52 295
52 302
52 361
52 454
52 488
52 506
52 542
52 560
52 593
52 665
52 705
52 711
52 731
52 830
52 839
52 859
52 887
52 917
53 182
53 235
53 272
53 352
53 366
53 368
53 383
53 439
53 455
53 465
53 477
53 502
53 521
53 553
53 591
53 637
53 650
53 654
53 721
53 787
53 813
53 823
53 836
53 901
53 971
54 201
54 239
54 248
54 258
54 279
54 331
54 459
54 471
54 476
54 501
54 692
54 720
54 736
54 752
54 857
54 873
54 966
55 82
55 108
55 210
55 214
55 238
55 375
55 430
55 536
55 547
55 608
55 697
55 723
55 757
55 802
55 813
55 851
55 967
56 221
56 234
56 248
56 349
56 364
56 387
56 390
56 463
56 488
56 494
56 541
56 619
56 630
56 741
56 882
56 969
56 986
57 81
57 93
57 200
57 249
57 277
57 343
57 386
57 409
57 466
57 470
57 586
57 630
57 635
57 742
57 782
57 787
57 807
57 839
57 842
57 919
57 929
57 959
57 976
58 133
58 168
58 178
58 242
58 314
58 344
58 506
58 521
58 542
58 571
58 709
58 806
58 845
58 899
58 943
58 946
58 976
59 72
59 134
59 275
59 287
59 309
59 341
59 524
59 584
59 604
59 645
59 675
59 697
59 717
59 782
59 856
59 966
60 71
60 184
60 188
60 322
60 343
60 345
60 381
60 467
60 553
60 605
60 628
60 631
60 665
60 741
60 800
60 804
60 822
60 926
60 932
60 944
60 950
61 79
61 93
61 196
61 273
61 311
61 315
61 384
61 398
61 569
61 620
61 660
61 689
61 743
61 837
61 904
61 935
62 218
62 323
62 381
62 404
62 598
62 606
62 662
62 680
62 851
62 855
62 875
63 71
63 89
63 97
63 170
63 213
63 260
63 395
63 411
63 563
63 608
63 743
63 793
63 892
63 992
63 996
64 133
64 146
64 183
64 223
64 242
64 301
64 305
64 366
64 371
64 411
64 429
64 498
64 509
64 533
64 601
64 662
64 742
64 756
64 769
64 791
64 806
64 853
64 865
64 875
64 908
64 916
64 978
65 84
65 195
65 220
65 222
65 248
65 273
65 326
65 353
65 362
65 409
65 413
65 511
65 514
65 586
65 628
65 713
65 815
65 825
65 879
65 893
65 895
65 901
65 944
66 200
66 223
66 224
66 257
66 264
66 351
66 462
66 488
66 501
66 671
66 734
66 833
66 859
66 897
66 927
66 965
67 166
67 258
67 323
67 390
67 475
67 537
67 612
67 620
67 642
67 656
67 689
67 758
67 826
67 840
67 893
67 949
68 162
68 225
68 235
68 293
68 412
68 433
68 464
68 512
68 530
68 549
68 573
68 599
68 731
68 747
68 793
68 797
68 894
68 925
68 945
68 984
69 100
69 119
69 137
69 258
69 272
69 369
69 435
69 472
69 480
69 508
69 553
69 683
69 693
69 806
69 812
69 891
69 923
69 982
70 172
70 232
70 278
70 295
70 299
70 393
70 606
70 615
70 692
70 786
70 871
70 878
70 886
70 913
71 315
71 316
71 381
71 420
71 452
71 456
71 468
71 530
71 562
71 640
71 667
71 669
71 672
71 678
71 683
71 712
71 799
71 820
71 825
71 840
71 901
71 924
71 926
72 181
72 226
72 276
72 280
72 297
72 299
72 413
72 502
72 520
72 525
72 532
72 624
72 713
72 727
72 760
72 871
72 899
72 962
72 976
73 169
73 197
73 233
73 280
73 302
73 311
73 377
73 418
73 442
73 471
73 494
73 498
73 555
73 576
73 582
73 645
73 649
73 678
73 709
73 712
73 748
73 750
73 760
73 782
73 889
73 904
73 960
74 161
74 349
74 364
74 373
74 381
74 616
74 665
74 697
74 700
74 958
74 998
75 144
75 154
75 176
75 283
75 337
75 440
75 533
75 542
75 567
75 611
75 693
75 718
75 719
75 737
75 827
75 864
75 919
75 973
75 993
76 113
76 123
76 173
76 181
76 199
76 287
76 302
76 353
76 410
76 448
76 602
76 635
76 730
76 742
76 784
76 831
76 845
76 865
76 891
76 948
76 955
76 972
77 228
77 263
77 273
77 434
77 469
77 563
77 674
77 723
77 726
77 757
77 766
77 804
77 808
77 881
77 971
77 992
78 80
78 150
78 205
78 245
78 277
78 383
78 492
78 502
78 617
78 682
78 903
78 941
79 129
79 145
79 206
79 226
79 268
79 304
79 346
79 392
79 433
79 458
79 470
79 550
79 563
79 567
79 598
79 679
79 732
79 814
79 857
79 867
79 929
79 941
79 983
80 108
80 123
80 213
80 227
80 264
80 297
80 371
80 391
80 475
80 491
80 520
80 540
80 710
80 719
80 808
80 844
80 904
80 950
80 973
81 127
81 214
81 248
81 307
81 370
81 388
81 461
81 583
81 630
81 658
81 703
81 731
81 757
81 862
81 987
82 94
82 139
82 207
82 243
82 308
82 367
82 393
82 454
82 461
82 518
82 540
82 545
82 551
82 582
82 656
82 659
82 672
82 735
82 784
82 849
83 124
83 125
83 431
83 525
83 526
83 631
83 663
83 751
83 900
83 957
84 133
84 136
84 140
84 148
84 254
84 297
84 335
84 586
84 623
84 638
84 657
84 686
84 706
84 732
84 748
84 797
84 846
84 869
84 886
84 910
84 964
85 145
85 195
85 229
85 294
85 335
85 356
85 390
85 517
85 520
85 532
85 581
85 629
85 672
85 742
85 751
85 764
85 768
85 807
85 843
85 864
85 948
85 980
86 140
86 146
86 149
86 164
86 169
86 273
86 281
86 292
86 493
86 591
86 678
86 862
86 867
86 890
86 950
86 962
86 964
87 88
87 167
87 309
87 335
87 417
87 497
87 531
87 580
87 622
87 691
87 707
87 775
87 793
87 797
87 863
87 905
88 91
88 137
88 146
88 157
88 208
88 234
88 276
88 290
88 310
88 341
88 363
88 374
88 386
88 617
88 621
88 625
88 666
88 677
88 748
88 756
88 798
88 925
89 116
89 149
89 184
89 191
89 281
89 308
89 381
89 412
89 431
89 699
89 835
89 851
89 952
89 996
90 123
90 146
90 309
90 514
90 532
90 698
90 702
90 856
90 886
90 899
91 112
91 255
91 318
91 431
91 468
91 493
91 537
91 673
91 743
91 760
91 781
91 787
91 825
91 830
91 858
91 888
91 936
91 938
92 218
92 262
92 365
92 405
92 469
92 486
92 489
92 503
92 535
92 704
92 705
92 764
92 785
92 802
92 847
92 848
92 976
92 992
93 118
93 165
93 189
93 233
93 270
93 341
93 360
93 487
93 511
93 564
93 588
93 663
93 688
93 738
93 804
93 944
94 167
94 235
94 264
94 313
94 390
94 436
94 448
94 463
94 524
94 534
94 622
94 632
94 704
94 757
94 795
94 825
94 837
94 913
94 997
95 124
95 295
95 316
95 343
95 363
95 379
95 430
95 495
95 537
95 556
95 591
95 694
95 709
95 793
95 895
95 897
95 903
95 987
96 119
96 142
96 174
96 234
96 298
96 316
96 325
96 426
96 432
96 496
96 505
96 520
96 532
96 548
96 586
96 602
96 612
96 794
96 798
96 829
96 842
96 899
97 160
97 164
97 191
97 341
97 380
97 445
97 514
97 516
97 545
97 599
97 625
97 642
97 740
97 778
97 800
97 840
97 900
97 931
97 988
97 999
98 105
98 118
98 147
98 232
98 234
98 272
98 393
98 449
98 463
98 497
98 562
98 570
98 593
98 628
98 723
98 804
98 816
98 820
98 826
98 838
98 848
98 932
98 939
99 111
99 119
99 141
99 196
99 252
99 268
99 353
99 358
99 431
99 552
99 613
99 662
99 665
99 710
99 724
99 793
99 805
99 902
100 190
100 214
100 239
100 261
100 276
100 375
100 536
100 625
100 737
100 783
100 784
100 813
100 841
100 873
100 881
100 896
100 964
100 992
101 158
101 159
101 210
101 224
101 381
101 469
101 504
101 568
101 575
101 636
101 725
101 833
101 841
101 868
101 876
101 963
101 964
101 974
101 980
101 994
101 996
102 205
102 218
102 276
102 318
102 325
102 371
102 550
102 621
102 645
102 650
102 689
102 742
102 754
102 756
102 792
102 810
102 862
102 863
103 114
103 203
103 263
103 326
103 356
103 516
103 520
103 603
103 636
103 759
103 768
103 790
104 125
104 162
104 261
104 347
104 449
104 499
104 505
104 570
104 623
104 640
104 659
104 669
104 767
104 812
104 875
104 881
104 888
104 923
104 925
104 958
105 115
105 262
105 267
105 337
105 350
105 368
105 372
105 562
105 620
105 635
105 645
105 760
105 784
105 794
105 823
105 913
106 208
106 259
106 269
106 310
106 372
106 459
106 552
106 575
106 584
106 592
106 661
106 770
106 840
106 956
106 958
107 110
107 210
107 218
107 275
107 302
107 315
107 562
107 666
107 681
107 702
107 751
107 769
107 782
107 834
107 886
107 889
107 902
107 928
107 942
107 976
108 168
108 266
108 298
108 439
108 447
108 470
108 576
108 617
108 682
108 692
108 744
108 773
108 789
108 858
108 865
108 873
108 962
108 983
109 130
109 145
109 189
109 204
109 240
109 609
109 617
109 663
109 749
109 944
109 948
110 114
110 115
110 121
110 136
110 170
110 177
110 206
110 237
110 311
110 377
110 424
110 434
110 529
110 550
110 611
110 747
110 770
110 791
110 810
110 927
111 202
111 212
111 258
111 316
111 336
111 375
111 381
111 391
111 517
111 541
111 553
111 580
111 591
111 777
111 786
111 844
111 888
111 892
111 893
111 903
111 933
112 136
112 146
112 182
112 313
112 356
112 369
112 538
112 586
112 633
112 644
112 675
112 720
112 763
112 793
112 807
112 810
112 817
112 863
112 898
113 267
113 310
113 339
113 466
113 475
113 601
113 653
113 659
113 709
113 718
113 845
113 916
114 246
114 267
114 279
114 310
114 380
114 422
114 478
114 558
114 634
114 676
114 705
114 826
114 925
114 990
115 138
115 235
115 266
115 274
115 292
115 310
115 337
115 346
115 358
115 437
115 589
115 690
115 693
115 725
115 745
115 751
115 820
115 874
115 897
115 913
115 938
115 965
115 970
115 976
115 998
116 117
116 130
116 226
116 247
116 361
116 373
116 396
116 461
116 502
116 583
116 668
116 723
116 737
116 756
116 761
116 834
116 848
116 874
116 955
116 970
117 231
117 257
117 332
117 339
117 349
117 359
117 364
117 379
117 457
117 511
117 522
117 539
117 560
117 595
117 682
117 736
117 758
117 766
117 772
117 856
117 863
117 905
117 906
118 177
118 222
118 261
118 326
118 377
118 464
118 495
118 524
118 567
118 618
118 625
118 663
118 739
118 742
118 758
118 759
118 800
118 838
118 849
118 886
118 957
118 965
118 994
119 135
119 151
119 157
119 222
119 383
119 396
119 398
119 465
119 506
119 640
119 678
119 721
119 782
119 814
119 845
119 975
119 980
120 260
120 269
120 316
120 375
120 415
120 426
120 456
120 562
120 652
120 662
120 717
120 722
120 818
120 830
120 866
120 882
120 888
121 167
121 437
121 535
121 544
121 595
121 715
121 733
121 751
121 761
121 792
121 843
121 886
121 919
122 134
122 139
122 151
122 219
122 309
122 386
122 419
122 582
122 715
122 741
123 151
123 243
123 257
123 267
123 308
123 318
123 374
123 378
123 381
123 403
123 445
123 566
123 576
123 639
123 719
123 746
123 763
123 818
123 979
124 184
124 227
124 240
124 354
124 378
124 425
124 453
124 459
124 460
124 470
124 493
124 503
124 737
124 783
124 795
124 808
124 923
124 945
124 973
125 137
125 181
125 185
125 234
125 298
125 370
125 391
125 519
125 620
125 623
125 651
125 676
125 698
125 710
125 725
125 822
125 881
125 908
125 912
125 981
126 136
126 137
126 148
126 153
126 160
126 166
126 248
126 290
126 323
126 336
126 391
126 399
126 410
126 529
126 539
126 579
126 727
126 756
126 789
126 793
126 794
126 826
126 878
126 994
127 130
127 198
127 242
127 267
127 280
127 293
127 338
127 371
127 391
127 540
127 609
127 685
127 808
127 889
127 902
127 950
128 150
128 181
128 254
128 276
128 299
128 341
128 371
128 375
128 467
128 675
128 887
128 888
128 937
128 973
128 984
129 143
129 165
129 216
129 220
129 240
129 259
129 262
129 325
129 379
129 414
129 429
129 489
129 507
129 594
129 662
129 695
129 875
129 890
129 986
130 143
130 149
130 195
130 221
130 295
130 334
130 344
130 375
130 416
130 479
130 481
130 553
130 557
130 590
130 663
130 711
130 761
130 854
131 142
131 195
131 196
131 229
131 305
131 476
131 649
131 662
131 709
131 749
131 753
131 760
131 895
131 927
131 955
131 990
131 998
132 142
132 209
132 220
132 330
132 501
132 515
132 538
132 573
132 604
132 687
132 707
132 795
132 813
133 137
133 160
133 291
133 370
133 453
133 470
133 472
133 519
133 544
133 603
133 638
133 640
133 679
133 681
133 682
133 771
133 817
133 968
134 208
134 417
134 427
134 472
134 489
134 497
134 523
134 581
134 626
134 665
134 699
134 718
134 729
134 819
134 851
134 873
134 896
135 229
135 247
135 259
135 326
135 343
135 382
135 387
135 448
135 462
135 463
135 491
135 502
135 595
135 625
135 735
135 804
135 806
135 920
135 975
135 991
135 996
135 998
136 260
136 337
136 496
136 511
136 520
136 562
136 593
136 666
136 832
136 852
136 926
136 962
137 192
137 287
137 301
137 316
137 334
137 472
137 528
137 533
137 535
137 592
137 620
137 650
137 680
137 681
137 782
137 821
137 842
138 179
138 290
138 314
138 381
138 536
138 559
138 567
138 650
138 757
138 819
138 856
138 881
138 903
138 917
138 930
138 977
139 198
139 210
139 236
139 243
139 383
139 387
139 405
139 413
139 492
139 519
139 522
139 531
139 696
139 804
139 899
140 159
140 209
140 239
140 258
140 294
140 367
140 368
140 375
140 383
140 392
140 542
140 626
140 633
140 692
140 719
140 785
140 815
140 838
140 878
140 901
140 911
140 980
141 187
141 274
141 457
141 544
141 559
141 566
141 578
141 630
141 673
141 765
141 778
141 805
141 821
141 828
141 830
141 894
141 943
142 145
142 166
142 218
142 387
142 403
142 575
142 590
142 750
142 781
142 814
142 846
142 853
142 931
143 174
143 175
143 236
143 306
143 344
143 368
143 369
143 414
143 439
143 587
143 673
143 819
143 843
143 884
143 942
144 252
144 395
144 425
144 462
144 590
144 745
144 758
144 826
144 951
145 170
145 248
145 301
145 421
145 543
145 551
145 560
145 603
145 663
145 726
145 853
145 951
146 167
146 231
146 266
146 329
146 350
146 353
146 366
146 393
146 415
146 491
146 540
146 596
146 640
146 657
146 722
146 729
146 808
146 822
147 162
147 207
147 216
147 245
147 277
147 284
147 295
147 299
147 378
147 408
147 532
147 534
147 559
147 580
147 639
147 654
147 674
147 715
147 736
148 236
148 258
148 273
148 295
148 541
148 565
148 597
148 705
148 793
148 803
148 945
148 960
148 965
149 317
149 329
149 330
149 345
149 403
149 427
149 498
149 597
149 622
149 627
149 710
149 716
149 764
149 853
150 179
150 289
150 394
150 473
150 501
150 523
150 641
150 790
150 817
150 848
150 881
150 897
150 932
150 972
151 219
151 226
151 294
151 325
151 357
151 421
151 432
151 446
151 550
151 618
151 743
151 750
151 792
151 800
151 839
151 900
151 938
151 951
151 959
151 971
151 995
152 183
152 276
152 291
152 324
152 362
152 396
152 489
152 495
152 570
152 595
152 672
152 919
152 953
153 197
153 203
153 206
153 265
153 437
153 479
153 518
153 602
153 613
153 903
153 915
153 937
153 953
153 965
153 974
154 268
154 415
154 455
154 460
154 841
154 899
154 907
154 934
154 971
155 165
155 255
155 437
155 472
155 488
155 491
155 666
155 667
155 814
155 829
155 842
155 877
155 935
155 964
156 173
156 203
156 209
156 310
156 378
156 380
156 394
156 395
156 414
156 428
156 434
156 515
156 553
156 564
156 705
156 724
156 740
156 752
156 798
156 817
156 832
156 872
157 207
157 216
157 224
157 260
157 389
157 521
157 567
157 823
157 837
157 909
157 950
157 952
157 998
158 172
158 198
158 333
158 427
158 560
158 567
158 696
158 712
158 728
158 794
158 826
159 206
159 374
159 383
159 464
159 486
159 515
159 623
159 745
159 759
159 812
159 910
159 964
160 264
160 282
160 290
160 299
160 376
160 427
160 467
160 509
160 519
160 543
160 576
160 594
160 670
160 688
160 700
160 702
160 719
160 823
160 826
160 830
160 831
160 832
160 841
160 854
160 907
160 941
160 958
160 986
161 233
161 283
161 407
161 461
161 480
161 489
161 533
161 573
161 601
161 682
161 706
161 715
161 767
161 830
161 916
161 924
161 938
161 944
161 976
162 228
162 229
162 263
162 322
162 351
162 355
162 423
162 523
162 532
162 571
162 645
162 657
162 665
162 694
162 699
162 733
162 777
162 800
162 833
162 993
163 184
163 196
163 247
163 263
163 286
163 315
163 326
163 389
163 426
163 491
163 565
163 669
163 711
163 756
163 807
163 817
163 848
163 926
163 961
164 247
164 255
164 327
164 330
164 586
164 620
164 645
164 685
164 692
164 710
164 777
164 781
164 793
164 826
164 833
164 955
165 209
165 259
165 296
165 297
165 298
165 366
165 398
165 493
165 635
165 677
165 678
165 757
165 760
165 770
165 859
165 877
165 979
166 170
166 184
166 185
166 306
166 365
166 369
166 499
166 518
166 519
166 569
166 639
166 754
166 763
166 816
166 829
166 876
166 902
166 957
166 997
167 203
167 220
167 224
167 271
167 281
167 292
167 316
167 318
167 405
167 583
167 598
167 645
167 697
167 702
167 709
167 951
167 968
167 984
168 192
168 197
168 223
168 233
168 234
168 290
168 317
168 333
168 431
168 464
168 522
168 577
168 586
168 592
168 721
168 788
168 905
168 946
168 965
169 187
169 193
169 203
169 291
169 344
169 378
169 494
169 531
169 554
169 724
169 818
169 843
170 256
170 469
170 481
170 494
170 521
170 574
170 580
170 587
170 680
170 687
170 780
170 792
170 832
170 878
170 933
171 172
171 246
171 471
171 485
171 552
171 568
171 638
171 651
171 655
171 691
171 807
171 858
172 190
172 202
172 207
172 402
172 515
172 534
172 557
172 568
172 699
172 725
172 755
172 807
172 826
172 935
173 219
173 239
173 251
173 263
173 311
173 322
173 412
173 453
173 686
173 742
173 822
173 902
173 998
174 240
174 278
174 285
174 356
174 381
174 389
174 406
174 448
174 454
174 479
174 505
174 562
174 658
174 693
174 695
174 717
174 741
174 756
174 757
174 847
174 878
174 906
174 937
174 972
174 976
175 243
175 272
175 282
175 345
175 366
175 412
175 424
175 544
175 623
175 632
175 642
175 659
175 722
175 738
175 739
175 762
175 881
175 913
176 271
176 307
176 433
176 452
176 510
176 524
176 529
176 532
176 555
176 594
176 611
176 612
176 624
176 650
176 705
176 725
176 748
176 749
176 772
176 788
176 852
176 883
176 951
176 972
177 227
177 263
177 329
177 340
177 467
177 482
177 632
177 652
177 669
177 839
177 987
178 234
178 258
178 277
178 354
178 467
178 504
178 671
178 723
178 755
178 825
178 829
178 834
178 840
178 879
178 955
178 969
179 357
179 407
179 421
179 439
179 562
179 569
179 585
179 605
179 748
179 774
179 821
179 839
179 864
179 911
179 914
179 927
179 968
179 987
180 211
180 266
180 286
180 291
180 301
180 383
180 399
180 461
180 534
180 552
180 569
180 584
180 592
180 616
180 645
180 689
180 950
180 990
181 190
181 221
181 285
181 391
181 421
181 423
181 597
181 825
181 889
181 943
181 945
182 195
182 265
182 277
182 351
182 378
182 412
182 479
182 487
182 493
182 529
182 554
182 559
182 570
182 624
182 694
182 711
182 750
182 864
182 922
183 326
183 358
183 368
183 374
183 425
183 484
183 581
183 604
183 709
183 720
183 721
183 767
183 796
183 882
183 891
183 900
183 918
183 959
184 402
184 438
184 468
184 491
184 536
184 838
184 844
184 864
184 888
184 890
184 921
184 951
185 186
185 252
185 332
185 333
185 338
185 346
185 511
185 531
185 552
185 602
185 676
185 694
185 840
185 853
185 874
185 882
185 883
185 932
185 945
185 974
186 309
186 431
186 470
186 475
186 495
186 558
186 576
186 757
186 946
187 302
187 398
187 413
187 428
187 495
187 515
187 585
187 609
187 632
187 694
187 780
187 801
187 834
188 263
188 332
188 366
188 371
188 390
188 391
188 404
188 415
188 458
188 490
188 635
188 681
188 750
188 952
188 983
189 204
189 285
189 342
189 363
189 390
189 444
189 468
189 533
189 670
189 812
189 820
189 841
189 934
190 251
190 318
190 343
190 399
190 502
190 591
190 599
190 601
190 726
190 804
190 878
190 939
191 246
191 294
191 300
191 365
191 389
191 396
191 566
191 589
191 625
191 693
191 774
191 885
191 892
191 904
191 914
191 989
192 205
192 251
192 321
192 339
192 342
192 459
192 472
192 478
192 542
192 562
192 601
192 684
192 744
192 789
192 816
192 842
192 852
192 874
193 194
193 269
193 318
193 319
193 322
193 379
193 442
193 492
193 530
193 536
193 544
193 561
193 590
193 620
193 647
193 711
193 733
193 736
193 807
193 844
193 886
193 927
193 959
193 968
194 195
194 224
194 249
194 401
194 411
194 470
194 484
194 490
194 577
194 625
194 627
194 785
194 794
194 935
195 234
195 281
195 316
195 339
195 416
195 485
195 516
195 545
195 585
195 622
195 655
195 713
195 763
195 913
195 937
196 222
196 283
196 297
196 315
196 319
196 344
196 367
196 462
196 480
196 493
196 543
196 559
196 606
196 609
196 645
196 739
196 994
197 214
197 293
197 335
197 338
197 346
197 387
197 435
197 477
197 559
197 586
197 660
197 661
197 724
197 743
197 785
197 786
197 793
197 812
197 824
197 886
197 897
197 907
197 916
197 935
197 962
197 977
198 258
198 392
198 452
198 473
198 574
198 586
198 613
198 628
198 665
198 721
198 787
198 835
198 838
198 869
198 922
199 225
199 227
199 406
199 428
199 483
199 500
199 587
199 601
199 707
199 906
200 244
200 277
200 291
200 310
200 368
200 372
200 388
200 510
200 663
200 681
200 716
200 767
200 800
200 908
200 949
200 950
200 970
200 974
201 256
201 347
201 366
201 386
201 388
201 448
201 476
201 540
201 547
201 725
201 771
201 787
201 793
201 887
201 895
201 911
201 926
202 205
202 209
202 222
202 279
202 288
202 305
202 342
202 353
202 437
202 482
202 509
202 511
202 543
202 616
202 722
202 741
202 813
202 830
203 212
203 337
203 456
203 536
203 581
203 595
203 628
203 701
203 783
203 792
203 796
203 805
203 837
203 894
203 902
204 221
204 226
204 275
204 322
204 331
204 398
204 418
204 429
204 450
204 542
204 598
204 614
204 615
204 636
204 671
204 674
204 725
204 769
204 773
205 213
205 233
205 293
205 351
205 454
205 481
205 532
205 551
205 604
205 759
205 798
205 841
205 956
205 963
205 966
205 982
206 222
206 249
206 259
206 293
206 304
206 320
206 322
206 371
206 437
206 501
206 563
206 625
206 690
206 760
206 863
206 864
206 877
206 928
207 353
207 364
207 374
207 387
207 452
207 512
207 622
207 647
207 679
207 791
207 794
207 850
207 965
208 220
208 335
208 408
208 427
208 446
208 449
208 518
208 566
208 644
208 745
208 787
208 877
208 965
208 967
208 970
208 999
209 252
209 290
209 439
209 532
209 595
209 614
209 767
209 772
209 885
209 988
210 233
210 346
210 414
210 448
210 498
210 579
210 605
210 611
210 670
210 697
210 703
210 707
210 869
210 917
210 965
210 983
210 984
211 232
211 296
211 447
211 460
211 514
211 615
211 800
211 861
211 866
211 887
211 896
211 903
212 234
212 237
212 248
212 311
212 360
212 408
212 409
212 451
212 495
212 537
212 556
212 622
212 753
212 876
212 888
213 217
213 288
213 320
213 350
213 392
213 417
213 442
213 582
213 586
213 627
213 631
213 710
213 722
213 841
213 905
213 941
213 949
213 955
214 215
214 241
214 259
214 261
214 306
214 401
214 495
214 594
214 675
214 747
214 815
214 912
214 914
214 996
215 358
215 366
215 375
215 500
215 547
215 692
215 693
215 697
215 726
215 840
215 857
215 883
215 905
215 931
215 952
215 990
216 235
216 245
216 260
216 361
216 427
216 429
216 436
216 457
216 517
216 659
216 683
216 728
216 748
216 773
216 791
216 796
216 853
216 860
216 970
217 230
217 243
217 247
217 334
217 339
217 367
217 399
217 416
217 427
217 444
217 452
217 453
217 485
217 486
217 597
217 661
217 719
217 815
217 899
217 909
218 457
218 478
218 497
218 510
218 518
218 522
218 571
218 587
218 610
218 618
218 768
218 772
218 804
218 808
218 822
218 912
218 934
218 938
219 270
219 433
219 530
219 562
219 590
219 595
219 800
219 868
220 226
220 294
220 302
220 307
220 364
220 369
220 445
220 448
220 482
220 560
220 659
220 739
220 775
220 788
220 801
220 976
220 987
221 223
221 287
221 326
221 360
221 423
221 561
221 589
221 677
221 719
221 745
221 806
221 866
222 271
222 300
222 337
222 438
222 575
222 594
222 647
222 800
222 834
222 875
222 911
222 933
223 345
223 425
223 472
223 719
223 744
223 786
223 794
223 898
223 907
223 930
223 975
223 988
223 989
224 340
224 345
224 355
224 409
224 471
224 602
224 628
224 641
224 694
224 712
224 766
224 967
225 427
225 490
225 498
225 530
225 539
225 544
225 692
225 706
225 720
225 756
225 799
225 828
225 895
225 994
226 321
226 438
226 443
226 447
226 545
226 638
226 659
226 669
226 709
226 723
226 744
226 815
226 843
226 861
227 248
227 298
227 572
227 636
227 699
227 714
227 758
227 862
227 894
228 256
228 315
228 351
228 394
228 405
228 446
228 595
228 597
228 673
228 736
228 742
228 838
228 850
228 916
228 990
229 239
229 364
229 399
229 422
229 446
229 464
229 475
229 593
229 656
229 669
229 723
229 762
229 819
229 906
229 933
230 268
230 271
230 448
230 473
230 555
230 570
230 576
230 687
230 721
230 785
230 791
230 840
230 853
230 924
230 942
231 280
231 305
231 370
231 379
231 388
231 519
231 576
231 588
231 656
231 751
231 762
231 839
231 852
232 289
232 290
232 333
232 664
232 774
232 780
232 782
232 793
232 845
232 901
232 916
232 946
232 957
232 970
233 307
233 326
233 336
233 401
233 407
233 468
233 560
233 621
233 652
233 748
233 754
233 756
233 813
233 910
233 936
233 938
233 960
234 366
234 367
234 381
234 409
234 483
234 509
234 517
234 542
234 637
234 644
234 655
234 728
234 730
234 777
234 911
235 253
235 326
235 399
235 432
235 442
235 498
235 554
235 580
235 766
235 819
235 824
235 841
235 858
235 924
235 989
236 305
236 396
236 417
236 518
236 520
236 526
236 563
236 582
236 591
236 608
236 702
236 794
236 801
236 808
236 886
236 892
236 968
237 255
237 336
237 339
237 352
237 408
237 437
237 448
237 496
237 542
237 581
237 646
237 783
237 979
238 252
238 317
238 359
238 477
238 570
238 591
238 668
238 675
238 681
238 707
238 742
238 748
238 757
238 774
238 829
238 860
238 968
238 980
239 365
239 401
239 564
239 568
239 625
239 639
239 685
239 709
239 729
239 780
239 869
239 879
239 894
239 933
240 268
240 273
240 390
240 427
240 493
240 520
240 612
240 641
240 657
240 659
240 696
240 733
240 793
240 900
240 919
241 320
241 332
241 337
241 352
241 548
241 592
241 624
241 796
241 802
241 810
241 882
241 956
242 481
242 595
242 660
242 721
242 844
242 860
242 875
242 912
242 915
242 945
243 315
243 353
243 373
243 440
243 460
243 500
243 649
243 691
243 720
243 736
243 757
243 819
243 856
243 893
243 972
244 258
244 312
244 336
244 576
244 630
244 655
244 669
244 676
244 762
244 840
244 889
244 892
245 248
245 336
245 354
245 381
245 400
245 404
245 460
245 492
245 548
245 555
245 588
245 614
245 619
245 641
245 680
245 681
245 735
245 745
245 800
245 815
245 848
245 893
245 938
246 319
246 336
246 342
246 388
246 409
246 412
246 460
246 533
246 535
246 573
246 592
246 624
246 653
246 695
246 730
246 741
246 753
246 822
246 823
246 971
246 999
247 290
247 338
247 517
247 535
247 549
247 569
247 680
247 689
247 790
247 798
247 809
247 836
247 890
247 927
247 933
248 298
248 327
248 461
248 564
248 717
248 770
248 818
248 885
248 920
249 264
249 307
249 382
249 432
249 448
249 457
249 517
249 534
249 620
249 636
249 681
249 693
249 746
249 803
249 808
249 816
249 864
249 911
249 921
249 989
250 254
250 277
250 285
250 348
250 370
250 428
250 459
250 564
250 613
250 720
250 724
250 742
250 744
250 785
250 812
250 861
250 863
250 869
250 884
250 907
250 977
250 998
251 328
251 329
251 386
251 421
251 442
251 475
251 487
251 517
251 574
251 661
251 682
251 786
251 793
251 924
251 938
251 963
252 259
252 282
252 312
252 342
252 349
252 446
252 447
252 484
252 511
252 688
252 820
252 880
252 940
252 955
253 311
253 325
253 335
253 359
253 383
253 468
253 543
253 641
253 663
253 690
253 695
253 796
253 810
253 864
253 893
253 903
253 947
253 953
254 315
254 424
254 440
254 507
254 534
254 788
254 854
254 898
255 416
255 445
255 460
255 559
255 567
255 637
255 683
255 736
255 771
255 772
255 789
255 794
255 799
255 907
255 929
256 343
256 371
256 408
256 534
256 555
256 580
256 666
256 691
256 750
256 765
256 907
256 912
256 914
256 926
256 966
256 974
257 288
257 333
257 410
257 444
257 458
257 574
257 586
257 709
257 736
257 795
257 815
257 900
257 915
258 390
258 463
258 496
258 578
258 595
258 611
258 709
258 711
258 766
258 917
258 959
258 978
258 988
259 331
259 367
259 396
259 449
259 496
259 504
259 572
259 667
259 839
260 295
260 370
260 450
260 492
260 517
260 600
260 727
260 869
260 903
260 952
261 264
261 362
261 422
261 440
261 452
261 464
261 514
261 522
261 548
261 603
261 709
261 715
261 739
261 841
261 871
261 887
261 954
262 265
262 324
262 329
262 349
262 388
262 607
262 754
262 795
262 857
262 935
263 275
263 286
263 317
263 391
263 395
263 572
263 627
263 659
263 694
263 709
263 714
263 751
263 777
263 795
263 916
263 918
263 999
264 300
264 315
264 318
264 326
264 336
264 435
264 532
264 666
264 714
264 745
264 747
264 749
264 811
264 851
264 922
265 342
265 352
265 387
265 486
265 512
265 592
265 597
265 715
265 883
265 939
265 985
266 348
266 356
266 359
266 487
266 519
266 538
266 589
266 601
266 693
266 759
266 777
266 822
266 867
266 900
266 943
266 990
266 992
267 291
267 311
267 416
267 471
267 515
267 520
267 564
267 659
267 713
267 860
267 872
268 284
268 379
268 410
268 448
268 471
268 483
268 553
268 860
268 877
268 967
269 289
269 326
269 354
269 368
269 428
269 479
269 541
269 579
269 643
269 644
269 685
269 725
269 775
269 798
269 860
269 867
269 875
269 921
269 949
269 951
270 337
270 363
270 529
270 547
270 552
270 564
270 587
270 623
270 627
270 644
270 866
270 900
270 954
271 530
271 553
271 619
271 670
271 694
271 729
271 734
271 769
271 770
271 774
271 850
271 908
271 924
271 939
271 983
272 294
272 319
272 370
272 376
272 387
272 422
272 451
272 487
272 574
272 634
272 684
272 795
272 806
272 842
272 872
272 898
272 951
273 302
273 319
273 365
273 375
273 405
273 458
273 473
273 495
273 578
273 652
273 653
273 654
273 693
273 727
273 836
273 854
273 940
273 948
273 955
274 280
274 349
274 412
274 450
274 516
274 547
274 600
274 696
274 788
274 791
274 973
274 995
275 284
275 336
275 390
275 448
275 465
275 548
275 603
275 617
275 662
275 698
275 734
275 740
275 744
275 811
275 898
275 932
275 942
275 946
275 962
276 381
276 526
276 642
276 649
276 659
276 709
276 721
276 864
276 889
277 286
277 333
277 365
277 395
277 499
277 569
277 610
277 626
277 627
277 715
277 735
277 788
277 802
277 804
277 827
277 835
277 842
277 868
277 981
277 982
278 304
278 378
278 435
278 459
278 557
278 581
278 592
278 620
278 653
278 702
278 724
278 737
278 827
278 868
278 964
278 976
278 980
279 290
279 309
279 465
279 531
279 582
279 596
279 597
279 616
279 646
279 662
279 732
279 802
279 879
279 918
279 936
279 985
280 306
280 335
280 437
280 557
280 639
280 667
280 704
280 731
280 783
280 789
280 853
280 895
280 905
280 939
280 986
281 373
281 381
281 480
281 485
281 494
281 496
281 505
281 530
281 554
281 558
281 769
281 780
281 781
281 834
281 886
282 316
282 327
282 694
282 803
282 988
283 294
283 444
283 450
283 465
283 562
283 777
283 887
283 966
284 326
284 353
284 364
284 378
284 496
284 512
284 536
284 544
284 586
284 612
284 668
284 821
284 838
284 843
284 933
285 313
285 384
285 459
285 479
285 506
285 508
285 566
285 588
285 628
285 648
285 651
285 671
285 696
285 733
285 759
285 780
285 866
285 885
285 924
285 946
286 348
286 364
286 449
286 458
286 601
286 629
286 713
286 726
286 767
286 844
286 906
286 933
286 940
286 943
287 344
287 356
287 429
287 471
287 478
287 498
287 577
287 633
287 636
287 865
287 879
287 983
288 293
288 394
288 400
288 489
288 502
288 520
288 540
288 570
288 647
288 745
288 753
288 790
288 797
288 865
288 866
288 868
289 303
289 331
289 342
289 348
289 359
289 363
289 364
289 368
289 402
289 426
289 470
289 481
289 484
289 659
289 661
289 761
289 769
289 907
289 970
290 346
290 454
290 518
290 521
290 664
290 665
290 682
290 705
290 745
290 749
290 791
290 879
290 907
290 910
290 915
291 300
291 323
291 336
291 429
291 462
291 504
291 581
291 654
291 739
291 958
291 990
292 327
292 445
292 458
292 484
292 517
292 594
292 599
292 813
292 815
292 816
292 864
292 914
292 921
292 928
292 949
292 970
292 984
293 379
293 447
293 482
293 509
293 524
293 614
293 675
293 676
293 746
293 774
293 820
293 845
293 871
293 876
293 965
294 301
294 319
294 420
294 463
294 504
294 595
294 627
294 673
294 749
294 767
294 778
294 780
294 830
295 300
295 332
295 354
295 374
295 428
295 473
295 532
295 598
295 613
295 654
295 689
295 780
295 810
295 904
295 939
295 956
295 975
296 371
296 390
296 397
296 442
296 456
296 574
296 607
296 609
296 641
296 714
296 715
296 730
296 734
296 792
296 958
297 304
297 316
297 361
297 387
297 463
297 474
297 492
297 516
297 609
297 937
297 966
298 309
298 316
298 421
298 434
298 441
298 458
298 552
298 613
298 650
298 657
298 662
298 680
298 782
298 838
298 848
298 867
298 898
299 308
299 315
299 360
299 368
299 417
299 432
299 438
299 519
299 567
299 666
299 726
299 804
299 834
299 836
299 846
299 880
299 904
299 929
299 990
300 421
300 564
300 567
300 692
300 756
300 794
300 821
300 848
300 895
301 345
301 428
301 460
301 548
301 577
301 596
301 641
301 658
301 732
301 759
302 428
302 735
302 781
302 785
302 787
302 973
302 994
302 995
302 997
303 321
303 367
303 407
303 478
303 544
303 556
303 619
303 758
303 821
303 877
303 927
304 331
304 409
304 470
304 481
304 484
304 654
304 682
304 694
304 700
304 724
304 736
304 770
304 792
304 824
304 846
304 920
305 372
305 387
305 401
305 501
305 608
305 627
305 824
305 925
305 934
305 981
306 410
306 487
306 488
306 492
306 534
306 547
306 630
306 659
306 670
306 761
306 850
306 925
306 992
307 338
307 365
307 373
307 456
307 500
307 537
307 600
307 687
307 699
307 783
307 879
307 890
308 375
308 386
308 443
308 447
308 484
308 732
308 762
308 787
308 799
308 802
308 838
308 953
309 376
309 405
309 475
309 549
309 615
309 617
309 680
309 682
309 738
309 753
309 768
309 863
309 959
309 977
309 999
310 330
310 340
310 383
310 424
310 463
310 475
310 512
310 522
310 587
310 681
310 704
310 737
310 780
310 820
310 825
310 838
310 857
310 954
311 383
311 388
311 414
311 510
311 828
312 373
312 425
312 457
312 462
312 476
312 479
312 510
312 538
312 584
312 596
312 692
312 717
312 792
312 864
312 877
312 879
312 976
313 339
313 352
313 374
313 444
313 451
313 502
313 523
313 552
313 561
313 644
313 682
313 695
313 708
313 782
313 798
313 952
313 966
313 977
314 354
314 370
314 416
314 439
314 442
314 481
314 653
314 665
314 702
314 709
314 798
314 823
314 909
314 923
314 954
315 359
315 362
315 480
315 563
315 746
315 758
315 932
316 318
316 382
316 383
316 555
316 588
316 602
316 638
316 654
316 705
316 786
316 836
316 896
316 932
317 370
317 420
317 478
317 503
317 580
317 620
317 631
317 633
317 675
317 676
317 722
317 743
317 759
317 815
317 894
317 923
317 985
318 459
318 538
318 557
318 603
318 686
318 750
318 940
318 990
319 320
319 329
319 353
319 374
319 441
319 489
319 530
319 554
319 587
319 600
319 608
319 615
319 641
319 719
319 772
319 947
319 986
319 990
319 995
320 331
320 371
320 417
320 434
320 478
320 499
320 559
320 578
320 598
320 609
320 659
320 725
320 746
320 748
320 753
320 808
320 830
320 848
320 903
320 927
320 983
320 985
321 360
321 378
321 382
321 441
321 556
321 568
321 677
321 693
321 784
321 844
321 878
321 904
321 964
321 984
322 329
322 443
322 455
322 550
322 637
322 711
322 726
322 743
322 770
322 794
322 810
322 823
322 918
323 326
323 372
323 399
323 546
323 566
323 582
323 603
323 612
323 652
323 669
323 672
323 719
323 743
323 764
323 791
323 877
324 407
324 410
324 412
324 635
324 687
324 690
324 728
324 753
324 803
324 919
324 953
324 956
325 326
325 413
325 427
325 435
325 446
325 502
325 507
325 533
325 736
325 762
325 765
325 793
325 820
325 870
325 889
325 892
326 357
326 373
326 386
326 462
326 510
326 549
326 610
326 649
326 769
326 894
326 900
326 903
326 910
326 952
326 965
327 336
327 356
327 412
327 445
327 574
327 648
327 656
327 750
327 765
327 788
327 812
327 920
327 939
327 956
327 962
328 352
328 450
328 463
328 536
328 594
328 677
328 698
328 738
328 824
328 898
328 928
328 945
329 406
329 414
329 453
329 493
329 524
329 536
329 621
329 703
329 728
329 743
329 804
329 850
329 855
329 880
329 937
329 943
329 947
329 956
329 963
329 988
329 992
330 446
330 469
330 659
330 825
330 853
330 925
330 933
330 996
331 387
331 388
331 441
331 445
331 546
331 557
331 625
331 675
331 710
331 715
331 741
331 839
331 863
331 893
331 930
331 961
331 997
332 333
332 412
332 431
332 451
332 466
332 578
332 632
332 696
332 861
332 878
332 883
332 885
332 911
333 434
333 435
333 467
333 475
333 501
333 516
333 533
333 548
333 672
333 773
333 816
333 822
333 841
333 878
333 943
333 986
334 426
334 539
334 555
334 627
334 709
334 730
334 837
334 886
334 897
334 928
334 932
334 938
335 388
335 416
335 523
335 582
335 583
335 636
335 656
335 659
335 694
335 722
335 896
335 956
336 426
336 483
336 511
336 699
336 763
336 888
336 898
336 906
337 389
337 564
337 587
337 595
337 645
337 690
337 795
337 802
337 829
337 861
337 871
337 884
337 885
337 925
337 955
337 974
337 996
338 340
338 393
338 489
338 506
338 534
338 545
338 579
338 669
338 686
338 702
338 815
338 894
338 909
338 923
339 477
339 550
339 608
339 678
339 729
339 812
339 844
339 864
339 967
339 985
340 386
340 396
340 434
340 435
340 481
340 540
340 583
340 616
340 651
340 663
340 707
340 734
340 993
341 349
341 420
341 469
341 483
341 543
341 575
341 610
341 635
341 647
341 665
341 785
341 811
341 849
341 927
341 964
342 390
342 391
342 498
342 514
342 577
342 691
342 834
342 844
342 904
342 912
342 959
343 438
343 453
343 525
343 552
343 590
343 647
343 650
343 700
343 715
343 734
343 754
343 757
343 830
343 995
344 421
344 436
344 444
344 459
344 482
344 526
344 553
344 599
344 680
344 699
344 706
344 783
344 793
344 836
344 859
344 913
344 923
344 983
345 369
345 370
345 374
345 376
345 385
345 413
345 474
345 603
345 621
345 632
345 679
345 685
345 737
345 800
345 816
345 839
345 892
346 431
346 435
346 458
346 473
346 699
346 726
346 937
346 956
347 416
347 447
347 531
347 665
347 679
347 705
347 707
347 768
347 817
347 878
347 899
347 984
348 367
348 389
348 396
348 541
348 581
348 610
348 714
348 780
348 823
348 987
349 361
349 624
349 708
349 767
349 807
349 812
349 839
349 869
349 917
349 966
349 998
350 355
350 453
350 496
350 551
350 578
350 610
350 665
350 703
350 750
350 810
350 831
350 859
350 878
350 906
350 957
350 962
351 388
351 393
351 440
351 445
351 455
351 513
351 529
351 566
351 673
351 732
351 797
351 901
351 916
351 969
351 978
352 382
352 412
352 414
352 440
352 486
352 529
352 533
352 559
352 579
352 696
352 720
352 748
352 749
352 862
352 886
352 929
353 355
353 369
353 436
353 578
353 650
353 670
353 673
353 832
353 884
353 956
353 965
354 384
354 427
354 446
354 481
354 517
354 634
354 653
354 695
354 729
354 828
354 835
354 900
354 970
354 983
354 998
355 375
355 389
355 396
355 412
355 477
355 518
355 550
355 707
355 733
355 761
355 767
355 778
355 801
355 890
355 939
355 951
356 387
356 495
356 544
356 663
356 787
356 845
356 852
356 989
357 364
357 365
357 384
357 444
357 549
357 552
357 601
357 614
357 633
357 649
357 691
357 694
357 766
357 835
357 892
358 395
358 566
358 614
358 626
358 654
358 658
358 828
358 897
358 971
358 994
359 394
359 442
359 497
359 525
359 577
359 634
359 662
359 780
359 782
359 832
359 899
359 963
359 971
360 498
360 512
360 583
360 632
360 660
360 704
360 715
360 729
360 744
360 748
360 802
360 807
360 811
360 825
360 831
360 840
360 843
360 872
360 873
360 934
360 951
361 364
361 396
361 405
361 418
361 514
361 540
361 584
361 614
361 625
361 804
361 807
361 903
361 968
362 474
362 504
362 644
362 684
362 747
362 847
362 868
362 933
362 963
363 408
363 421
363 503
363 520
363 523
363 590
363 650
363 727
363 801
363 841
363 890
363 911
363 931
364 381
364 496
364 522
364 526
364 538
364 595
364 615
364 619
364 642
364 658
364 707
364 807
364 927
364 932
365 542
365 661
365 699
365 771
365 775
365 830
365 978
365 987
365 988
366 377
366 393
366 402
366 417
366 454
366 503
366 566
366 568
366 587
366 652
366 677
366 695
366 826
366 848
366 910
367 413
367 472
367 483
367 494
367 566
367 663
367 676
367 681
367 747
367 751
367 789
367 837
367 879
367 945
368 392
368 488
368 517
368 642
368 690
368 774
368 777
368 884
368 924
368 945
368 980
369 414
369 438
369 658
369 696
369 711
369 748
369 779
369 828
369 855
369 874
369 894
370 496
370 660
370 681
370 736
370 746
370 807
370 832
370 872
370 983
371 463
371 464
371 501
371 645
371 646
371 664
371 814
371 829
371 831
372 379
372 384
372 425
372 445
372 520
372 525
372 555
372 583
372 680
372 696
372 724
372 746
372 777
372 782
372 835
372 875
372 933
372 941
372 964
372 988
373 390
373 391
373 411
373 588
373 646
373 745
373 807
373 877
373 936
373 943
374 400
374 456
374 537
374 539
374 563
374 618
374 643
374 695
374 748
374 806
374 811
374 824
374 832
374 875
374 973
374 993
375 441
375 490
375 520
375 594
375 663
375 736
375 749
375 778
375 814
375 820
375 884
375 984
376 381
376 383
376 466
376 558
376 682
376 712
376 791
376 846
376 854
376 857
376 871
376 906
376 923
377 419
377 506
377 510
377 567
377 578
377 612
377 645
377 649
377 714
377 743
377 776
377 804
377 806
377 830
377 873
377 906
377 916
377 953
378 384
378 430
378 508
378 547
378 695
378 717
378 724
378 752
378 912
378 921
378 944
379 383
379 499
379 578
379 598
379 676
379 751
379 790
379 875
379 991
380 418
380 502
380 549
380 752
380 767
380 873
380 891
380 913
380 932
380 934
380 990
381 659
381 761
381 807
381 822
381 933
381 946
381 979
382 483
382 502
382 609
382 632
382 730
382 759
382 909
382 929
383 599
383 624
383 666
383 726
383 734
383 873
383 902
383 906
383 934
384 448
384 452
384 547
384 573
384 585
384 616
384 664
384 800
385 405
385 420
385 452
385 477
385 530
385 569
385 586
385 604
385 642
385 697
385 738
385 775
385 780
385 792
385 796
385 836
385 923
385 944
385 969
386 398
386 439
386 469
386 473
386 550
386 627
386 630
386 702
386 726
386 782
386 834
386 842
386 860
386 865
386 915
386 926
386 962
386 990
387 484
387 504
387 520
387 546
387 603
387 638
387 743
387 782
387 809
387 897
387 912
387 947
387 971
387 984
388 538
388 556
388 592
388 661
388 725
388 778
389 414
389 423
389 486
389 546
389 578
389 591
389 614
389 633
389 743
389 745
389 878
390 429
390 468
390 520
390 537
390 743
390 759
390 948
390 979
390 984
391 401
391 462
391 466
391 557
391 689
391 769
391 799
391 815
391 859
391 869
391 985
392 623
392 707
392 748
392 773
392 794
392 800
392 857
392 898
392 906
392 925
393 432
393 460
393 489
393 506
393 611
393 613
393 616
393 674
393 699
393 709
393 719
393 722
393 841
393 859
393 869
393 962
394 488
394 554
394 579
394 628
394 661
394 752
394 754
394 760
394 903
394 921
394 941
394 957
394 982
395 404
395 473
395 494
395 516
395 533
395 565
395 581
395 640
395 669
395 831
395 868
395 891
396 406
396 496
396 510
396 548
396 600
396 635
396 672
396 718
396 757
396 832
397 398
397 476
397 627
397 735
397 772
397 783
397 797
397 829
397 930
397 945
398 526
398 557
398 656
398 675
398 712
398 751
398 848
398 854
398 863
398 875
398 880
398 911
398 917
398 932
398 990
399 537
399 557
399 579
399 593
399 682
399 757
399 814
399 821
399 861
399 943
400 464
400 470
400 496
400 561
400 562
400 680
400 691
400 731
400 732
400 795
400 840
400 892
400 899
400 934
400 959
400 971
401 476
401 485
401 560
401 596
401 618
401 843
401 857
401 970
402 406
402 413
402 445
402 455
402 464
402 549
402 575
402 628
402 665
402 671
402 672
402 704
402 705
402 722
402 735
402 775
402 830
402 837
402 910
403 408
403 411
403 481
403 694
403 900
403 922
403 950
404 467
404 551
404 661
404 664
404 716
404 788
404 898
404 902
404 921
405 425
405 505
405 547
405 700
405 763
405 771
405 831
405 916
405 996
406 412
406 421
406 428
406 494
406 506
406 514
406 525
406 791
406 800
406 802
406 823
406 924
406 948
406 956
406 982
407 441
407 473
407 575
407 593
407 687
407 722
407 753
407 755
407 818
407 842
407 945
407 961
408 433
408 569
408 583
408 608
408 639
408 725
408 813
408 821
408 853
408 908
408 971
409 447
409 448
409 477
409 493
409 542
409 631
409 643
409 671
409 714
409 778
409 956
410 672
410 721
410 729
410 743
410 749
410 756
410 759
410 791
410 796
410 814
410 819
410 831
410 928
410 967
411 415
411 425
411 459
411 495
411 514
411 586
411 738
411 745
411 830
411 898
411 921
411 933
411 940
411 956
411 990
412 502
412 535
412 567
412 636
412 676
412 718
412 725
412 740
412 745
412 879
412 914
412 928
412 948
413 535
413 559
413 621
413 650
413 729
413 781
413 808
413 898
413 919
413 950
413 955
414 421
414 468
414 485
414 512
414 534
414 543
414 575
414 619
414 699
414 740
414 745
414 776
414 820
414 823
414 831
414 854
414 871
414 982
414 992
415 420
415 422
415 463
415 464
415 469
415 546
415 552
415 598
415 601
415 618
415 743
415 769
415 853
415 922
415 940
415 988
416 436
416 484
416 517
416 579
416 645
416 687
416 698
416 739
416 752
416 753
416 783
416 808
416 965
416 966
416 996
417 442
417 511
417 584
417 595
417 601
417 613
417 664
417 749
417 877
417 904
417 922
417 931
417 989
418 433
418 486
418 488
418 493
418 520
418 630
418 688
418 725
418 750
418 783
418 837
418 900
418 966
418 991
419 470
419 491
419 782
419 875
419 888
419 896
419 968
419 984
420 425
420 490
420 499
420 701
420 702
420 742
420 844
420 855
421 446
421 508
421 514
421 591
421 598
421 614
421 645
421 669
421 680
421 696
421 802
421 868
421 879
421 980
422 448
422 463
422 464
422 486
422 491
422 539
422 658
422 676
422 707
422 725
422 740
422 745
422 783
422 872
422 971
423 432
423 441
423 468
423 488
423 550
423 555
423 606
423 718
423 719
423 746
423 751
423 814
423 883
423 889
423 919
423 944
423 969
423 981
424 454
424 549
424 560
424 648
424 704
424 725
424 863
424 898
424 900
424 915
424 928
424 970
425 429
425 513
425 547
425 574
425 679
425 681
425 685
425 746
425 755
425 815
425 860
425 895
425 900
425 954
426 551
426 589
426 595
426 638
426 663
426 742
426 776
426 823
426 854
426 938
426 939
426 973
426 974
426 999
427 500
427 503
427 525
427 562
427 574
427 681
427 805
427 844
427 845
427 866
427 893
427 957
428 486
428 575
428 590
428 595
428 738
428 880
428 948
429 616
429 628
429 720
429 801
429 810
429 843
429 856
429 882
429 894
429 967
429 970
429 972
430 540
430 548
430 567
430 627
430 669
430 717
430 741
430 745
430 775
430 822
430 829
430 866
430 953
430 973
430 985
431 438
431 483
431 504
431 548
431 629
431 901
432 474
432 476
432 485
432 530
432 643
432 702
432 710
432 712
432 776
432 782
432 804
432 846
432 868
432 888
432 935
432 962
432 970
433 491
433 496
433 601
433 619
433 660
433 703
433 710
433 729
434 440
434 532
434 617
434 620
434 693
434 698
434 728
434 804
434 861
434 972
435 535
435 537
435 542
435 557
435 787
435 856
435 861
435 870
435 881
435 950
436 471
436 483
436 560
436 562
436 620
436 634
436 654
436 673
436 677
436 914
436 968
437 494
437 539
437 549
437 567
437 617
437 623
437 673
437 674
437 703
437 733
437 796
437 805
437 939
438 448
438 549
438 557
438 592
438 593
438 642
438 861
438 863
438 884
438 934
438 943
438 954
438 961
438 997
439 473
439 487
439 496
439 515
439 614
439 656
439 694
439 708
439 762
439 771
439 835
439 846
439 907
439 922
440 449
440 456
440 497
440 675
440 679
440 695
440 744
440 855
440 878
440 916
440 962
440 964
441 547
441 573
441 585
441 626
441 647
441 715
441 805
441 906
441 930
442 469
442 486
442 488
442 492
442 545
442 583
442 590
442 640
442 650
442 705
442 750
442 954
442 956
443 453
443 482
443 690
443 705
443 712
443 850
443 926
444 541
444 577
444 617
444 624
444 747
444 771
444 845
444 874
444 978
445 460
445 475
445 486
445 691
445 726
445 732
445 777
445 797
445 811
445 820
445 842
445 866
445 874
445 888
445 946
446 482
446 491
446 513
446 530
446 542
446 561
446 603
446 685
446 701
446 715
446 800
446 814
446 842
446 888
446 932
446 966
446 991
447 450
447 454
447 504
447 666
447 667
447 717
447 768
447 795
447 822
447 828
447 854
447 878
447 958
447 988
448 454
448 491
448 535
448 725
448 768
448 816
448 892
448 935
448 971
449 563
449 579
449 644
449 703
449 709
449 725
449 760
449 785
449 789
449 914
449 944
449 954
449 998
450 488
450 577
450 619
450 655
450 701
450 793
450 896
450 910
450 952
450 965
450 992
451 491
451 534
451 570
451 614
451 643
451 660
451 749
451 752
451 769
451 860
451 897
451 983
452 504
452 530
452 535
452 549
452 558
452 581
452 616
452 645
452 725
452 734
452 758
452 761
452 911
452 921
452 953
453 473
453 505
453 613
453 716
453 730
453 766
453 809
453 870
453 976
454 458
454 533
454 588
454 601
454 625
454 641
454 723
454 922
455 648
455 654
455 660
455 692
455 730
455 814
455 817
455 890
455 901
455 950
456 520
456 653
456 788
456 798
456 853
456 861
456 904
456 967
457 492
457 507
457 515
457 736
457 858
457 860
458 663
458 719
458 764
458 874
458 890
458 927
458 963
459 542
459 561
459 778
459 863
459 875
459 958
460 475
460 520
460 562
460 623
460 670
460 716
460 726
460 791
460 800
460 817
460 847
460 860
460 902
460 948
460 962
461 465
461 509
461 564
461 595
461 624
461 645
461 646
461 650
461 672
461 700
461 846
461 849
461 895
461 947
462 511
462 512
462 516
462 529
462 543
462 549
462 585
462 604
462 622
462 743
462 856
462 866
462 952
463 505
463 587
463 595
463 599
463 649
463 662
463 760
463 767
463 829
463 897
464 510
464 590
464 598
464 665
464 703
464 733
464 739
464 751
464 779
464 840
464 859
464 872
464 881
464 911
464 944
464 976
465 612
465 664
465 719
465 723
465 890
465 901
466 616
466 703
466 714
466 881
466 917
466 939
466 941
466 945
466 960
467 487
467 506
467 529
467 538
467 701
467 732
467 742
467 749
467 760
467 776
467 815
467 952
467 969
467 970
468 529
468 613
468 740
468 746
468 758
468 942
468 949
469 470
469 566
469 651
469 738
469 743
469 751
469 813
469 846
469 900
469 980
469 989
470 502
470 594
470 637
470 727
470 731
470 763
470 777
470 850
470 868
470 920
470 936
470 938
470 962
471 516
471 573
471 576
471 652
471 655
471 687
471 707
471 711
471 739
471 770
471 815
471 831
471 846
472 519
472 570
472 797
472 819
472 839
472 843
472 850
472 887
472 961
472 969
472 997
473 506
473 563
473 565
473 687
473 721
473 754
473 850
473 854
473 907
474 526
474 573
474 590
474 596
474 635
474 645
474 647
474 665
474 666
474 738
474 764
474 793
474 897
474 932
474 968
474 982
475 480
475 574
475 588
475 640
475 694
475 724
475 761
475 807
475 858
475 888
475 907
475 958
475 969
476 536
476 638
476 691
476 917
476 953
476 954
477 508
477 643
477 662
477 687
477 731
477 789
477 873
477 918
477 941
477 960
477 966
478 668
478 719
478 749
478 812
478 839
478 905
478 933
478 972
479 508
479 514
479 730
479 790
479 922
479 933
479 946
479 997
480 536
480 621
480 671
480 713
480 777
480 862
480 924
481 562
481 740
481 786
481 787
481 814
481 841
481 846
481 921
481 968
481 985
482 581
482 608
482 771
482 802
482 887
482 906
482 907
482 915
482 956
483 526
483 532
483 535
483 551
483 572
483 573
483 591
483 646
483 714
483 813
483 958
483 964
483 971
483 974
484 535
484 538
484 625
484 629
484 773
484 826
484 840
484 904
484 914
485 500
485 533
485 645
485 647
485 792
485 809
485 825
486 520
486 577
486 600
486 624
486 629
486 675
486 805
486 813
486 931
486 950
486 959
486 968
486 994
487 490
487 508
487 527
487 609
487 617
487 669
487 680
487 702
487 709
487 710
487 849
487 857
487 975
487 994
488 526
488 626
488 727
488 763
488 885
488 899
488 951
488 964
489 508
489 524
489 552
489 575
489 660
489 674
489 908
489 963
490 498
490 519
490 551
490 554
490 561
490 680
490 689
490 720
490 843
490 951
490 955
490 959
491 538
491 576
491 596
491 601
491 610
491 635
491 676
491 754
491 773
491 784
491 801
491 807
491 859
491 870
491 884
491 905
491 941
491 963
492 610
492 631
492 693
492 728
492 729
492 748
492 792
492 800
492 807
492 816
492 844
492 853
492 862
492 917
492 986
492 998
493 532
493 590
493 594
493 654
493 702
493 743
493 796
493 800
493 844
493 867
493 880
493 918
493 919
493 938
493 942
493 943
493 988
494 508
494 578
494 580
494 856
494 925
494 943
494 952
494 987
495 550
495 578
495 794
495 795
495 897
495 918
495 936
495 941
496 580
496 597
496 606
496 625
496 686
496 759
496 876
496 881
496 896
496 912
496 926
496 933
496 987
497 524
497 528
497 604
497 638
497 671
497 697
497 801
497 838
497 856
497 916
497 928
497 994
498 506
498 514
498 562
498 760
498 772
498 877
498 901
498 932
498 968
498 977
499 550
499 698
499 731
499 771
499 789
499 805
499 848
499 860
499 866
499 904
499 988
500 533
500 547
500 618
500 658
500 709
500 751
500 770
500 848
500 870
500 932
500 960
501 574
501 662
501 672
501 690
501 731
501 736
501 787
501 803
501 812
501 940
502 503
502 597
502 693
502 767
502 791
502 799
502 857
502 959
503 508
503 534
503 619
503 680
503 714
503 739
503 798
503 861
503 897
503 899
503 909
503 911
503 969
504 666
504 671
504 676
504 734
504 748
504 796
504 846
504 880
505 519
505 592
505 598
505 750
505 816
505 844
505 863
505 874
505 891
505 914
506 611
506 633
506 642
506 722
506 893
506 949
506 972
507 558
507 655
507 715
507 748
507 905
507 956
508 532
508 600
508 602
508 704
508 845
508 913
508 981
509 548
509 654
509 655
509 710
509 711
509 720
509 733
509 782
509 837
509 862
509 863
509 981
509 992
510 544
510 559
510 635
510 654
510 780
510 786
510 855
510 864
510 916
510 923
510 924
510 934
510 944
510 973
511 531
511 658
511 719
511 762
511 964
512 585
512 687
512 689
512 825
512 866
512 892
512 912
512 992
512 995
513 519
513 526
513 596
513 637
513 755
513 788
513 805
513 916
514 598
514 663
514 863
514 893
514 899
514 921
514 943
514 982
514 988
515 526
515 547
515 622
515 658
515 672
515 681
515 711
515 721
515 749
515 773
515 852
515 904
515 939
515 954
516 548
516 586
516 684
516 713
516 755
516 776
516 883
516 916
516 926
517 618
517 629
517 781
517 910
517 972
518 555
518 622
518 654
518 893
518 961
519 674
519 731
519 770
519 777
519 845
519 861
519 889
519 905
519 967
520 545
520 546
520 563
520 639
520 666
520 695
520 709
520 749
520 787
520 950
520 996
521 633
521 677
521 787
521 826
521 897
521 904
521 941
521 982
522 592
522 674
522 678
522 712
522 764
522 827
522 855
522 871
522 899
522 914
523 562
523 582
523 604
523 619
523 651
523 751
523 960
524 560
524 704
524 735
524 805
524 945
524 968
525 622
525 639
525 825
525 960
525 989
525 995
526 706
526 827
526 925
526 990
527 546
527 631
527 661
527 685
527 778
527 815
527 886
527 891
527 922
527 995
528 535
528 536
528 573
528 584
528 595
528 603
528 608
528 655
528 668
528 790
528 847
528 889
528 912
528 932
528 937
528 956
528 999
529 545
529 573
529 596
529 656
529 679
529 761
529 768
529 912
529 926
529 958
529 964
530 571
530 611
530 743
530 744
530 745
530 771
530 773
530 835
531 579
531 604
531 623
531 652
531 678
531 684
531 736
531 754
531 765
531 786
531 797
531 988
532 581
532 648
532 675
532 708
532 738
532 891
532 899
532 950
532 957
532 991
533 550
533 572
533 589
533 621
533 631
533 700
533 724
533 765
533 770
533 780
533 825
533 872
533 933
534 554
534 596
534 640
534 704
534 766
534 796
534 828
534 951
534 971
534 989
535 661
535 694
535 725
535 741
535 760
535 785
535 830
535 930
535 992
536 551
536 678
536 763
536 791
536 966
536 991
537 581
537 582
537 691
537 699
537 711
537 785
537 931
537 978
538 551
538 562
538 566
538 571
538 615
538 631
538 672
538 702
538 713
538 753
538 760
538 961
539 635
539 667
539 751
539 804
539 949
539 980
540 609
540 632
540 722
540 743
540 778
540 783
540 801
540 871
540 901
540 904
540 921
540 922
540 944
540 984
540 996
541 575
541 615
541 661
541 664
541 675
541 699
542 731
542 736
542 741
542 750
542 762
542 778
542 808
542 823
542 824
542 913
543 575
543 619
543 669
543 726
543 741
543 796
543 899
543 904
543 913
543 975
543 996
544 572
544 601
544 602
544 606
544 684
544 689
544 787
544 820
544 852
544 921
544 991
545 571
545 616
545 696
545 809
545 816
545 844
545 880
545 890
546 625
546 642
546 656
546 661
546 696
546 698
546 710
546 747
546 761
546 952
547 670
547 744
547 765
547 782
547 806
547 923
548 561
548 597
548 684
548 763
548 823
548 846
548 934
548 960
548 983
549 584
549 611
549 654
549 668
549 754
549 773
549 833
549 887
549 928
549 974
549 987
549 993
550 561
550 744
550 748
550 769
550 776
550 820
550 822
550 886
550 904
550 905
550 923
550 926
550 954
550 979
551 682
551 701
551 795
551 830
551 851
551 855
551 871
551 962
552 581
552 594
552 622
552 630
552 647
552 758
552 767
552 821
552 851
552 973
552 979
553 607
553 679
553 725
553 807
553 812
553 828
553 885
553 890
553 891
553 932
554 664
554 789
554 925
554 960
555 564
555 742
555 809
555 883
555 898
555 919
555 924
555 984
556 581
556 632
556 665
556 682
556 692
556 716
556 728
556 797
556 998
557 617
557 642
557 648
557 687
557 844
557 846
557 853
557 930
558 567
558 692
558 693
558 709
558 714
558 730
558 809
558 871
558 883
558 912
558 947
558 969
559 564
559 565
559 590
559 626
559 632
559 633
559 702
559 757
559 819
559 820
559 854
560 598
560 788
560 801
560 807
560 817
560 972
561 565
561 629
561 635
561 684
561 698
561 778
561 808
561 890
561 995
562 575
562 581
562 645
562 666
562 693
562 728
562 730
562 780
563 633
563 708
563 788
563 828
563 856
563 886
563 962
563 976
564 602
564 612
564 700
564 721
564 734
564 756
564 812
564 868
564 898
564 938
564 987
565 584
565 712
565 730
565 758
565 771
565 786
565 816
565 822
565 860
565 956
565 961
566 599
566 641
566 662
566 679
566 689
566 743
566 839
566 840
566 916
567 581
567 705
567 715
567 778
567 874
567 970
567 977
568 635
568 667
568 828
568 953
569 598
569 660
569 735
569 776
569 843
569 857
569 872
569 930
569 979
570 674
570 690
570 734
570 815
570 816
570 837
570 980
570 986
571 602
571 804
571 863
571 865
571 882
571 931
572 790
572 828
572 856
572 925
573 644
573 646
573 668
573 670
573 691
573 745
573 795
573 841
573 866
573 901
573 923
573 928
574 595
574 615
574 676
574 796
574 824
574 871
574 918
574 923
574 968
574 984
575 585
575 658
575 681
575 710
575 752
575 777
575 818
575 875
575 960
575 963
575 974
576 585
576 618
576 628
576 896
576 925
577 620
577 635
577 736
577 739
577 819
577 948
578 583
578 638
578 639
578 657
578 680
578 753
578 786
578 821
578 887
578 921
578 971
579 627
579 635
579 672
579 702
579 841
579 854
579 878
579 883
579 905
580 588
580 589
580 609
580 650
580 651
580 681
580 699
580 738
580 897
580 900
580 902
580 950
580 987
581 594
581 706
581 719
581 825
581 844
581 904
581 932
581 987
582 627
582 692
582 696
582 704
582 712
582 735
582 765
582 847
582 869
582 939
582 976
583 681
583 851
583 868
583 895
583 952
583 961
583 968
584 614
584 673
584 769
584 892
584 912
584 949
585 599
585 644
585 652
585 838
585 854
585 868
585 892
585 897
585 943
586 590
586 597
586 603
586 755
586 756
586 790
586 891
586 920
586 961
587 651
587 682
587 750
587 886
587 908
587 975
587 990
587 992
588 716
588 747
588 751
588 791
588 808
588 847
588 877
588 966
588 989
589 596
589 790
589 863
590 657
590 716
590 765
590 813
590 992
591 593
591 613
591 617
591 731
591 751
591 773
591 926
591 941
591 947
591 966
591 971
591 976
591 981
592 601
592 608
592 666
592 730
592 770
592 795
592 846
592 859
592 869
592 888
592 902
592 965
593 672
593 726
593 763
593 816
593 828
593 878
594 651
594 704
594 744
594 849
594 961
594 998
595 770
595 782
595 833
595 876
595 919
595 920
595 941
595 979
596 674
596 760
596 783
596 872
596 999
597 605
597 768
597 907
597 954
597 970
598 633
598 823
598 836
598 899
598 922
599 876
599 890
599 928
600 640
600 649
600 698
600 852
600 875
600 888
600 984
601 661
601 721
601 725
601 767
601 806
601 859
601 871
601 923
602 641
602 649
602 742
602 773
602 782
602 799
602 984
603 667
603 891
603 916
604 655
604 843
604 863
605 644
605 711
605 765
605 784
605 792
605 803
605 814
605 850
605 897
605 923
605 968
606 656
606 755
606 796
606 806
606 809
606 810
606 887
607 742
607 795
607 808
607 847
607 900
607 943
607 963
607 992
608 729
608 750
608 766
608 810
608 881
608 914
608 933
608 995
609 613
609 671
609 787
609 822
609 849
609 898
609 932
609 944
609 980
609 985
609 988
609 995
610 613
610 614
610 742
610 790
610 917
610 929
611 668
611 688
611 743
611 798
611 813
611 857
611 887
611 945
611 985
612 616
612 621
612 665
612 737
612 755
612 880
612 938
612 979
613 686
613 738
613 755
613 783
613 827
613 871
613 893
614 703
614 708
614 731
614 755
614 794
614 990
614 991
614 998
615 627
615 679
615 694
615 806
615 837
615 998
616 696
616 805
616 853
616 930
616 955
617 641
617 662
617 707
617 749
617 834
617 878
617 925
617 929
617 976
617 991
617 996
617 998
618 629
618 725
618 810
618 895
618 956
618 981
619 648
619 682
619 724
619 837
619 943
619 972
620 660
620 676
620 827
620 875
620 996
621 658
621 709
621 785
621 836
621 885
621 905
621 953
621 954
621 961
621 966
622 760
622 881
622 916
622 963
622 975
622 984
622 997
623 647
623 700
623 757
623 827
623 829
624 666
624 675
624 869
624 878
624 903
624 931
624 946
624 996
625 656
625 747
625 750
625 920
625 939
626 651
626 655
626 696
626 697
626 734
626 780
626 792
626 795
626 845
626 906
626 916
626 935
626 997
626 998
627 777
627 801
627 811
627 823
627 833
627 849
627 866
627 898
627 954
627 990
628 681
628 745
628 758
628 765
628 793
628 808
628 872
628 901
628 902
628 911
628 937
628 996
629 643
629 660
629 710
629 788
629 907
629 916
629 937
630 673
630 757
630 822
630 837
630 942
630 979
631 671
631 697
631 720
631 752
631 795
632 654
632 662
632 773
632 791
632 849
632 861
632 940
633 771
633 866
633 903
634 659
634 679
634 856
634 892
634 914
634 969
635 745
635 896
635 998
636 658
636 777
636 872
636 934
636 976
637 650
637 686
637 696
637 708
637 788
637 937
638 687
638 772
638 790
638 904
639 716
639 747
639 775
639 792
639 818
639 921
639 922
639 931
640 654
640 687
640 754
640 928
640 941
641 643
641 705
641 912
641 937
641 956
641 988
642 696
642 728
642 745
642 747
642 800
642 956
643 800
643 881
643 936
643 969
643 975
643 987
644 647
644 661
644 680
644 722
644 744
644 765
644 772
644 878
644 919
644 991
645 754
645 812
645 881
645 913
645 931
645 937
645 998
646 652
646 694
646 717
646 797
646 821
646 841
646 862
646 992
647 700
647 731
647 860
647 901
647 910
648 715
648 721
648 736
648 742
648 775
648 860
648 996
649 742
649 743
649 864
649 878
649 935
649 942
649 979
650 676
650 728
650 769
650 809
650 823
650 844
650 858
650 912
650 915
650 921
650 928
650 952
650 963
650 990
651 678
651 731
651 827
651 883
651 951
652 817
652 843
652 863
652 873
652 905
652 907
652 963
653 671
653 695
653 718
653 767
653 799
653 801
653 975
653 976
654 688
654 828
654 874
655 656
655 675
655 852
655 870
655 906
656 657
656 672
656 677
656 722
656 827
656 924
656 935
656 965
656 980
657 746
657 772
657 783
657 872
657 894
657 909
657 959
658 739
658 761
658 837
658 981
659 769
659 930
659 975
659 983
659 990
660 672
660 770
660 794
660 897
660 941
661 665
661 667
661 675
661 694
661 728
661 757
661 759
661 805
661 872
661 894
661 911
661 953
661 962
662 731
662 736
662 768
662 815
662 816
662 861
662 865
663 668
663 690
663 718
663 724
663 781
663 856
664 801
664 853
664 887
665 670
665 780
665 904
665 926
665 948
666 674
666 749
666 757
666 794
666 821
667 685
667 747
667 899
667 901
667 910
667 912
667 974
668 684
668 713
668 946
668 964
668 978
669 698
669 699
669 762
669 766
669 771
669 778
669 782
669 788
669 814
669 849
669 886
669 895
669 900
670 709
670 711
670 788
670 806
670 815
670 907
670 928
670 983
671 675
671 709
671 712
671 714
671 726
671 775
671 867
671 972
672 723
672 780
672 782
672 803
672 827
672 838
672 876
672 889
672 920
673 748
673 768
673 772
673 788
673 837
673 888
673 921
673 934
673 943
673 968
674 805
674 823
674 926
674 941
675 810
675 938
675 955
675 993
676 684
676 756
676 795
676 871
676 872
676 969
676 986
677 920
677 925
677 937
677 969
677 970
678 683
678 691
678 699
678 721
678 806
679 695
679 731
679 766
679 801
679 825
679 927
680 702
680 730
680 812
680 821
680 822
680 856
680 862
680 901
680 906
680 963
681 702
681 711
681 751
681 755
681 765
681 801
681 804
681 831
681 834
681 910
681 933
682 685
682 738
682 752
682 759
682 791
682 822
682 851
682 864
682 887
682 903
682 905
683 719
683 766
683 775
683 935
683 943
683 970
683 975
684 714
684 799
684 838
684 845
684 894
684 902
685 707
685 718
685 782
685 858
685 889
685 983
685 989
686 711
686 764
686 810
686 971
687 732
687 872
687 878
687 880
687 952
688 689
688 708
688 745
688 778
688 854
688 869
688 940
688 994
689 698
689 743
689 773
689 814
689 818
689 875
689 896
689 931
689 937
689 967
690 825
690 927
691 753
691 771
691 896
691 920
691 997
692 825
693 729
693 840
694 782
694 861
694 868
694 955
694 982
695 802
695 833
695 843
695 952
696 760
696 822
696 863
696 906
696 932
696 959
697 737
697 852
697 866
697 871
697 893
698 755
698 765
698 850
698 916
698 944
699 715
699 776
699 787
699 794
699 942
699 953
699 967
699 976
700 707
700 720
700 734
700 766
700 907
700 956
701 725
701 742
701 743
701 750
701 810
701 840
701 859
701 877
701 908
701 984
702 707
702 737
702 744
702 782
702 792
702 836
702 896
702 908
702 949
702 964
703 758
703 759
703 891
703 937
704 775
704 781
704 835
705 823
705 862
705 871
705 927
705 966
706 805
706 846
706 920
706 927
706 935
706 989
707 824
707 851
708 716
708 783
708 893
708 903
708 944
708 976
709 761
709 839
709 887
709 945
709 979
710 744
710 749
710 800
710 814
710 850
710 887
710 896
710 955
710 969
711 723
711 771
711 804
711 843
711 898
711 902
711 974
712 783
712 862
712 867
712 936
713 734
713 766
713 827
713 856
713 976
714 869
714 905
714 914
714 938
715 802
715 815
715 818
715 937
716 744
717 759
717 778
717 875
717 965
717 983
718 868
718 977
719 730
719 874
719 914
719 976
720 735
720 741
720 762
720 800
720 913
720 919
720 935
720 988
720 989
720 993
721 784
721 811
721 821
721 869
721 873
721 916
721 956
721 984
722 800
722 858
722 875
722 893
722 904
722 989
723 743
723 861
724 772
724 795
724 806
724 851
724 852
724 877
724 907
724 944
724 961
725 729
725 732
725 926
726 742
726 765
726 899
726 958
726 976
726 985
727 768
727 844
727 848
727 897
727 936
727 941
727 949
727 981
728 828
728 926
729 735
729 829
729 863
729 956
729 961
730 941
730 942
730 977
730 982
731 765
731 797
731 902
731 982
732 734
732 793
732 794
732 873
732 923
732 927
732 930
732 957
732 989
733 777
733 781
733 870
733 890
733 921
734 746
734 780
734 818
734 945
735 880
735 887
736 745
736 773
736 811
736 814
736 843
736 890
736 997
737 772
737 978
738 892
738 941
738 957
738 963
738 964
739 837
739 847
739 892
740 743
740 756
740 812
740 893
740 946
741 752
741 763
741 831
741 848
741 872
741 885
741 886
741 914
741 991
742 764
742 827
742 901
742 909
742 930
742 932
743 852
743 925
743 977
743 994
744 758
744 826
744 872
744 875
744 880
744 970
744 979
744 985
745 874
745 877
745 919
745 962
745 976
745 995
746 814
746 820
746 858
746 900
747 878
748 813
748 825
748 892
749 754
749 834
749 960
750 806
750 811
750 822
750 926
750 976
750 990
751 761
751 780
751 819
751 846
751 955
751 989
752 804
752 814
752 825
752 897
752 898
753 774
753 786
753 867
753 883
753 898
753 930
753 942
753 956
754 859
754 948
755 781
755 989
755 998
757 768
757 842
757 909
758 761
758 800
758 927
758 961
759 781
759 797
759 851
759 906
759 954
759 959
759 961
760 784
760 794
760 797
760 921
760 954
761 856
761 920
761 970
762 784
762 812
762 834
762 845
762 853
762 881
762 904
762 931
762 984
763 772
763 834
763 853
763 918
763 983
765 813
765 816
765 822
765 912
765 975
766 828
766 910
766 963
767 770
767 786
767 859
767 903
768 788
768 829
768 851
768 863
768 865
769 781
769 792
769 818
769 849
769 868
769 892
769 895
769 909
770 799
770 819
770 888
770 913
770 969
771 824
771 825
771 928
771 996
772 927
772 964
773 809
773 834
773 866
773 889
773 941
773 980
773 996
774 775
774 785
774 848
774 920
775 789
775 804
775 805
775 850
775 869
775 872
775 884
775 983
776 788
776 799
776 848
776 909
777 807
777 818
777 836
777 956
777 994
778 785
778 798
778 811
778 818
778 912
780 911
780 943
781 835
781 840
781 894
781 917
781 939
782 910
782 914
783 861
783 927
783 943
784 785
784 786
784 801
784 842
784 877
784 995
785 804
785 815
785 887
785 889
786 812
786 841
786 968
787 795
787 937
788 789
788 885
788 997
789 805
789 825
789 863
789 966
789 997
790 807
790 817
790 959
790 986
791 850
791 907
791 972
792 833
792 842
792 911
792 938
792 998
793 856
793 887
793 904
793 939
793 959
794 798
794 808
794 882
794 895
794 906
794 955
795 797
795 798
795 866
795 878
795 953
796 801
796 802
796 884
796 937
796 950
796 982
797 856
797 962
798 815
798 887
798 897
798 948
799 876
799 891
799 909
799 922
799 966
800 832
800 846
800 869
800 953
800 964
801 825
801 871
801 886
801 894
802 815
802 891
802 956
802 996
803 867
803 998
804 826
804 964
805 869
805 928
805 974
806 950
806 958
806 993
807 870
807 943
808 826
808 860
808 862
808 966
809 822
809 826
809 836
809 841
809 897
809 909
809 913
809 952
809 986
810 825
810 859
810 878
810 971
810 983
811 942
811 977
811 982
812 823
812 850
812 881
812 897
813 923
813 964
813 977
813 982
813 983
814 841
814 842
814 858
814 877
814 895
814 914
814 949
815 826
815 892
815 975
816 880
816 901
816 920
816 950
816 992
817 930
817 953
818 834
818 913
818 919
818 940
818 973
818 992
819 847
820 898
820 907
820 974
821 888
821 923
821 952
822 850
822 865
822 897
823 894
823 901
824 831
824 851
824 944
825 915
825 929
826 871
826 913
826 930
826 992
827 834
827 840
827 852
827 856
828 857
828 914
828 949
828 976
829 853
829 905
829 908
830 862
830 914
830 950
831 894
831 929
831 969
831 971
832 894
833 928
833 944
833 955
833 971
833 989
834 836
834 852
834 936
834 953
834 971
835 851
835 862
835 878
835 911
835 945
835 983
836 847
836 934
836 984
837 840
837 886
837 895
837 903
837 949
837 950
838 936
838 951
838 983
839 846
839 895
841 927
841 933
842 899
842 949
842 962
842 990
842 999
843 857
843 873
843 892
843 903
843 936
843 992
844 852
844 859
844 923
844 992
845 907
845 912
846 900
846 922
847 849
847 853
847 859
847 904
847 999
848 860
848 891
848 896
848 941
849 958
850 943
850 958
850 977
851 897
852 898
852 912
852 926
852 972
853 886
853 924
853 946
854 874
854 983
855 940
855 953
856 883
856 937
857 914
857 938
857 988
857 993
858 864
858 871
858 891
858 903
858 918
858 924
858 949
858 954
859 928
859 997
860 886
860 903
860 921
860 940
861 865
861 936
861 975
861 998
862 870
863 884
863 954
863 959
863 968
863 987
864 945
865 867
865 992
866 870
866 882
866 916
866 935
866 946
867 869
868 872
868 957
868 981
870 935
870 941
871 898
871 928
871 970
871 971
872 878
872 903
872 961
873 884
873 903
873 904
873 956
873 959
873 971
874 882
874 903
874 921
874 943
875 995
876 943
876 950
876 969
878 911
878 930
879 940
881 950
882 935
883 914
883 920
885 894
885 907
885 923
885 960
886 901
886 903
886 960
886 989
887 995
888 905
888 966
889 893
889 905
889 921
889 950
889 989
890 950
890 954
890 980
891 936
891 939
891 946
891 958
892 906
892 917
892 962
892 988
893 896
893 904
893 910
893 943
893 971
894 914
895 906
897 923
897 967
897 987
898 960
898 989
899 941
899 994
899 999
900 921
901 956
901 967
902 930
902 951
902 963
902 972
903 928
904 919
904 995
905 940
905 954
906 933
906 949
906 957
907 919
908 931
908 955
908 992
909 918
909 924
909 976
909 977
910 966
910 976
910 997
911 916
911 925
911 967
911 981
912 972
913 946
913 964
913 967
914 967
914 986
915 971
916 934
917 970
917 974
918 989
920 927
920 936
920 956
921 941
921 953
921 985
921 998
922 959
923 954
923 994
924 970
924 971
924 996
925 934
925 966
925 992
926 996
927 945
927 958
928 957
928 962
928 966
932 979
933 945
933 955
935 948
936 945
936 959
936 994
937 953
937 981
938 974
938 983
939 957
942 945
943 999
944 986
944 992
945 977
945 987
946 964
947 976
947 981
948 959
948 992
950 954
950 972
951 968
951 974
952 963
952 982
955 989
957 984
959 972
960 961
960 967
961 973
961 988
964 993
965 970
965 986
968 975
969 981
974 988
974 994
976 987
977 996
978 991
983 997
984 988
985 991
987 995
995 999
