0 1
0 2
0 3
0 4
1 3
1 6
1 2
1 52
2 4
2 3
2 6
2 528
2 533
2 31
2 71
2 34
2 251
2 51
2 531
2 48
2 556
2 7
2 529
2 489
2 52
2 132
2 49
2 8
2 134
2 29
2 151
3 4
3 7
3 34
3 6
3 528
3 8
3 529
3 52
3 134
4 47
4 48
4 49
4 34
4 50
4 9
4 51
4 52
5 6
5 7
5 8
5 9
6 159
6 52
6 59
6 34
6 132
6 529
6 51
6 531
6 528
6 532
6 533
6 134
6 306
6 251
6 9
6 48
6 7
6 489
6 156
6 29
6 8
7 98
7 158
7 159
7 150
7 99
7 230
7 33
7 108
7 36
7 94
7 81
7 87
7 82
7 327
7 86
7 265
7 310
7 100
7 41
7 500
7 517
7 522
7 259
7 164
7 276
7 162
7 315
7 296
7 307
7 313
7 515
7 320
7 31
7 71
7 9
7 272
7 50
7 291
7 295
7 40
7 45
7 34
7 529
7 52
7 19
7 132
7 59
7 84
7 484
7 273
7 297
7 153
7 156
7 584
7 152
7 581
7 586
7 474
7 254
7 284
7 203
7 288
7 186
7 88
7 151
7 8
7 91
7 154
7 293
7 92
7 189
7 231
7 227
7 155
7 527
7 271
7 187
7 301
7 303
7 587
7 280
7 96
7 521
7 274
7 524
7 308
7 588
7 257
7 161
7 299
7 255
7 220
7 205
7 134
7 311
7 579
7 252
7 298
7 582
7 286
7 287
7 89
7 163
7 519
8 159
8 542
8 71
8 9
8 543
8 198
8 272
8 50
8 529
8 52
8 19
8 59
8 484
8 273
8 153
8 156
8 89
8 274
8 154
8 96
8 151
8 257
8 91
8 271
8 136
8 199
8 521
8 586
8 280
8 134
8 152
8 92
8 544
8 524
8 88
8 155
9 138
9 47
9 159
9 150
9 99
9 57
9 33
9 108
9 78
9 94
9 81
9 87
9 86
9 328
9 270
9 265
9 111
9 100
9 41
9 520
9 175
9 31
9 542
9 131
9 71
9 50
9 134
9 359
9 29
9 84
9 543
9 151
9 198
9 440
9 34
9 553
9 92
9 251
9 199
9 155
9 200
9 280
9 441
9 51
9 361
9 259
9 545
9 132
9 55
9 129
9 58
9 19
9 59
9 192
9 141
9 257
9 205
9 161
9 271
9 96
9 497
9 49
9 136
9 20
9 547
9 197
9 48
9 30
9 180
9 35
9 68
9 532
9 52
9 38
9 529
9 88
9 89
9 91
9 154
9 194
9 550
9 544
9 156
9 521
9 554
9 40
9 453
10 11
10 12
10 13
10 14
10 15
10 16
10 17
10 18
10 19
10 20
10 21
10 22
10 23
10 24
10 25
10 26
10 27
10 28
10 29
10 30
10 31
10 32
10 33
10 34
10 35
10 36
10 37
10 38
10 39
10 40
10 41
10 42
10 43
10 44
10 45
10 46
10 278
11 17
11 37
11 278
11 25
11 26
11 15
11 503
11 30
11 16
11 32
11 40
11 20
12 277
12 21
12 36
12 78
12 44
12 426
12 17
12 86
12 265
12 37
12 310
12 41
12 31
12 176
12 278
12 24
12 25
12 26
12 23
12 27
12 15
12 357
12 14
12 342
12 502
12 381
12 503
12 16
12 279
12 148
12 20
12 32
12 30
12 19
12 40
12 42
12 29
12 43
12 467
12 45
13 21
13 25
13 26
13 39
13 35
13 38
13 42
13 16
13 20
13 29
13 30
13 19
13 40
13 45
14 339
14 379
14 21
14 36
14 426
14 398
14 17
14 355
14 37
14 310
14 111
14 31
14 25
14 15
14 357
14 30
14 20
14 381
14 16
14 41
14 45
14 32
14 40
14 215
14 262
15 46
15 21
15 106
15 33
15 112
15 108
15 36
15 110
15 408
15 78
15 94
15 81
15 87
15 80
15 312
15 82
15 217
15 426
15 263
15 17
15 268
15 86
15 388
15 400
15 215
15 328
15 270
15 265
15 37
15 310
15 332
15 111
15 256
15 100
15 182
15 41
15 436
15 191
15 31
15 386
15 278
15 28
15 24
15 25
15 26
15 23
15 39
15 27
15 503
15 30
15 16
15 262
15 357
15 246
15 19
15 20
15 134
15 32
15 381
15 279
15 342
15 22
15 502
15 40
15 148
15 45
15 392
15 43
16 277
16 348
16 364
16 21
16 33
16 41
16 358
16 31
16 176
16 28
16 25
16 22
16 342
16 502
16 381
16 361
16 30
16 18
16 503
16 279
16 148
17 46
17 277
17 21
17 30
17 18
17 502
17 381
17 503
17 279
17 148
18 53
18 61
18 348
18 67
18 60
18 196
18 64
18 201
18 41
18 513
18 72
18 317
18 71
18 28
18 24
18 25
18 26
18 23
18 20
18 40
18 19
18 167
18 69
18 132
18 66
18 139
18 65
18 62
18 74
18 63
18 58
18 68
18 137
18 54
18 73
18 55
18 59
18 184
19 53
19 76
19 61
19 145
19 165
19 138
19 159
19 99
19 170
19 258
19 348
19 21
19 57
19 85
19 33
19 108
19 36
19 110
19 78
19 93
19 94
19 81
19 87
19 312
19 82
19 443
19 389
19 316
19 179
19 327
19 86
19 328
19 265
19 310
19 67
19 196
19 111
19 169
19 146
19 505
19 172
19 509
19 64
19 256
19 100
19 202
19 510
19 171
19 195
19 193
19 140
19 201
19 41
19 128
19 513
19 72
19 175
19 31
19 317
19 131
19 71
19 543
19 272
19 197
19 200
19 555
19 546
19 545
19 50
19 180
19 28
19 24
19 23
19 39
19 35
19 38
19 20
19 40
19 45
19 453
19 552
19 34
19 361
19 194
19 442
19 43
19 440
19 441
19 550
19 497
19 251
19 51
19 52
19 54
19 55
19 75
19 155
19 96
19 199
19 29
19 132
19 65
19 551
19 66
19 129
19 89
19 133
19 173
19 58
19 42
19 91
19 154
19 134
19 92
19 378
19 135
19 136
19 73
19 56
19 74
19 143
19 166
19 68
19 168
19 59
19 156
19 137
19 130
19 139
19 192
19 69
19 554
19 62
19 63
19 141
19 142
19 205
20 46
20 277
20 348
20 21
20 33
20 94
20 86
20 265
20 37
20 310
20 41
20 31
20 176
20 28
20 24
20 25
20 23
20 27
20 22
20 342
20 502
20 381
20 40
20 246
20 29
20 361
20 30
20 134
20 279
20 251
20 503
20 328
20 51
20 148
20 45
21 25
21 26
21 39
21 30
21 35
21 40
21 45
21 381
21 31
21 32
21 23
21 29
22 339
22 278
22 24
22 23
22 30
22 32
22 381
22 40
23 339
23 348
23 379
23 33
23 94
23 86
23 355
23 328
23 265
23 37
23 310
23 111
23 183
23 41
23 358
23 31
23 180
23 28
23 24
23 357
23 246
23 40
23 30
23 27
23 342
23 184
23 148
24 379
24 33
24 94
24 111
24 41
24 175
24 176
24 28
24 357
24 25
24 27
24 40
24 30
24 45
25 339
25 41
25 31
25 28
25 40
25 30
25 26
25 554
25 503
26 41
26 30
26 279
26 503
27 339
27 85
27 33
27 36
27 110
27 408
27 78
27 93
27 94
27 81
27 80
27 312
27 217
27 426
27 263
27 327
27 268
27 86
27 388
27 400
27 328
27 265
27 385
27 37
27 310
27 111
27 119
27 256
27 100
27 41
27 436
27 181
27 31
27 176
27 28
27 357
27 246
27 184
27 262
27 29
27 30
27 32
27 92
27 349
27 502
27 392
27 40
27 182
28 339
28 348
28 379
28 33
28 94
28 81
28 37
28 41
28 175
28 176
28 29
28 361
28 34
28 134
28 279
28 251
28 503
28 441
28 40
28 184
28 30
28 45
29 61
29 170
29 348
29 85
29 33
29 36
29 78
29 94
29 81
29 87
29 80
29 82
29 378
29 488
29 316
29 179
29 327
29 86
29 328
29 265
29 310
29 111
29 100
29 41
29 177
29 181
29 344
29 175
29 31
29 363
29 318
29 319
29 317
29 131
29 71
29 543
29 198
29 272
29 200
29 50
29 180
29 40
29 359
29 453
29 548
29 552
29 541
29 477
29 34
29 361
29 568
29 194
29 127
29 438
29 439
29 442
29 43
29 440
29 441
29 550
29 538
29 497
29 251
29 549
29 51
29 529
29 489
29 52
29 132
29 66
29 56
29 168
29 139
29 65
29 62
29 554
29 75
29 141
29 133
29 166
29 192
29 54
29 55
29 59
29 134
29 551
29 30
29 377
29 136
29 199
29 49
30 46
30 207
30 277
30 339
30 379
30 261
30 85
30 33
30 124
30 108
30 36
30 109
30 110
30 78
30 95
30 93
30 94
30 217
30 179
30 44
30 426
30 398
30 422
30 105
30 263
30 327
30 210
30 250
30 268
30 388
30 396
30 236
30 400
30 215
30 328
30 418
30 448
30 265
30 310
30 332
30 111
30 119
30 256
30 100
30 347
30 436
30 191
30 181
30 175
30 31
30 176
30 386
30 278
30 180
30 39
30 35
30 38
30 455
30 357
30 342
30 502
30 381
30 503
30 148
30 279
30 453
30 34
30 43
30 440
30 441
30 51
30 154
30 262
30 246
30 392
30 32
30 184
30 208
30 467
30 130
31 174
31 99
31 258
31 339
31 348
31 364
31 376
31 372
31 261
31 33
31 112
31 108
31 36
31 122
31 95
31 93
31 94
31 338
31 90
31 81
31 289
31 87
31 312
31 82
31 475
31 485
31 378
31 443
31 487
31 389
31 260
31 325
31 316
31 179
31 331
31 380
31 493
31 490
31 476
31 426
31 263
31 327
31 266
31 268
31 86
31 328
31 270
31 265
31 37
31 111
31 119
31 350
31 256
31 100
31 41
31 353
31 345
31 358
31 177
31 369
31 320
31 333
31 356
31 365
31 366
31 367
31 181
31 344
31 178
31 477
31 50
31 359
31 535
31 361
31 439
31 536
31 537
31 84
31 151
31 91
31 154
31 92
31 96
31 156
31 538
31 34
31 132
31 257
31 531
31 540
31 262
31 438
31 541
31 497
31 453
31 180
31 362
31 387
31 291
31 43
31 272
31 134
31 317
31 318
31 136
31 251
31 319
31 363
31 529
31 332
31 442
31 377
31 489
31 534
31 59
31 494
31 441
31 51
31 52
31 71
31 32
31 496
31 127
31 342
31 502
31 184
31 495
31 40
31 75
31 279
32 46
32 277
32 348
32 379
32 312
32 86
32 265
32 37
32 111
32 178
32 176
32 357
32 342
32 502
32 381
32 40
32 45
32 279
32 262
33 77
33 107
33 185
33 138
33 157
33 158
33 159
33 277
33 150
33 99
33 258
33 339
33 348
33 376
33 375
33 372
33 261
33 384
33 85
33 434
33 436
33 262
33 388
33 215
33 203
33 151
33 251
33 94
33 187
33 105
33 181
33 175
33 345
33 236
33 406
33 437
33 78
33 241
33 435
33 327
33 208
33 246
33 110
33 111
33 180
33 320
33 426
33 385
33 250
33 392
33 257
33 86
33 205
33 92
33 438
33 359
33 361
33 439
33 260
33 285
33 265
33 440
33 391
33 441
33 357
33 386
33 101
33 87
33 55
33 68
33 59
33 71
33 34
33 209
33 390
33 182
33 237
33 162
33 395
33 347
33 240
33 292
33 44
33 396
33 152
33 117
33 190
33 442
33 443
33 377
33 191
33 444
33 400
33 445
33 96
33 321
33 446
33 447
33 217
33 427
33 289
33 448
33 316
33 81
33 82
33 263
33 355
33 108
33 360
33 256
33 119
33 266
33 267
33 36
33 328
33 80
33 350
33 37
33 269
33 312
33 100
33 394
33 177
33 387
33 291
33 403
33 351
33 354
33 134
33 332
33 344
33 114
33 449
33 210
33 178
33 79
33 122
33 409
33 401
33 83
33 235
33 84
33 121
33 102
33 179
33 123
33 88
33 369
33 362
33 103
33 89
33 450
33 238
33 412
33 404
33 125
33 112
33 272
33 91
33 154
33 41
33 378
33 136
33 419
33 451
33 279
33 389
33 109
33 95
33 189
33 259
33 231
33 420
33 268
33 199
33 343
33 431
33 120
33 155
33 243
33 452
33 422
33 356
33 156
33 51
33 113
33 428
33 433
33 408
33 310
33 414
33 270
33 45
33 405
33 219
33 407
33 118
33 40
33 183
33 453
33 363
33 397
33 335
33 458
33 281
33 283
34 53
34 61
34 165
34 138
34 70
34 47
34 159
34 99
34 170
34 36
34 78
34 94
34 81
34 378
34 443
34 316
34 86
34 328
34 265
34 310
34 172
34 509
34 100
34 202
34 510
34 195
34 140
34 41
34 356
34 175
34 542
34 131
34 144
34 71
34 543
34 198
34 272
34 197
34 200
34 545
34 50
34 180
34 35
34 38
34 40
34 359
34 548
34 552
34 541
34 477
34 51
34 55
34 134
34 59
34 361
34 89
34 92
34 155
34 156
34 136
34 547
34 251
34 48
34 529
34 52
34 538
34 54
34 129
34 58
34 167
34 62
34 497
34 531
34 438
34 132
34 65
34 551
34 66
34 512
34 49
34 133
34 440
34 43
34 75
34 56
34 439
34 442
34 166
34 199
34 68
34 549
34 489
34 441
34 137
34 539
34 130
34 192
34 63
34 141
34 567
34 73
34 168
34 69
34 550
34 554
34 173
34 135
34 143
34 142
34 127
34 42
35 39
35 42
35 134
35 40
35 38
36 77
36 107
36 158
36 159
36 99
36 339
36 261
36 384
36 85
36 434
36 112
36 124
36 108
36 341
36 262
36 388
36 215
36 94
36 187
36 209
36 210
36 105
36 181
36 175
36 182
36 415
36 212
36 236
36 406
36 238
36 240
36 78
36 241
36 396
36 117
36 327
36 397
36 385
36 386
36 431
36 208
36 191
36 400
36 246
36 217
36 310
36 110
36 111
36 394
36 257
36 86
36 359
36 361
36 260
36 245
36 265
36 83
36 101
36 59
36 426
36 390
36 237
36 347
36 44
36 427
36 82
36 80
36 289
36 393
36 211
36 412
36 270
36 448
36 263
36 291
36 403
36 351
36 81
36 332
36 114
36 335
36 345
36 122
36 401
36 235
36 84
36 121
36 102
36 355
36 179
36 425
36 203
36 87
36 395
36 183
36 89
36 404
36 418
36 360
36 256
36 125
36 272
36 91
36 134
36 41
36 92
36 378
36 436
36 419
36 109
36 119
36 349
36 266
36 95
36 259
36 267
36 328
36 268
36 343
36 155
36 350
36 243
36 452
36 37
36 244
36 337
36 356
36 156
36 352
36 446
36 113
36 248
36 184
36 354
36 269
36 414
36 250
36 312
36 405
36 219
36 407
36 100
36 392
36 180
36 120
36 51
36 362
36 40
36 103
36 93
36 216
36 154
36 264
36 382
36 363
37 107
37 277
37 85
37 112
37 124
37 108
37 110
37 78
37 95
37 101
37 104
37 93
37 94
37 116
37 338
37 115
37 103
37 216
37 81
37 337
37 289
37 87
37 79
37 80
37 312
37 82
37 117
37 217
37 394
37 446
37 263
37 327
37 210
37 250
37 266
37 267
37 268
37 86
37 126
37 382
37 102
37 383
37 388
37 400
37 355
37 211
37 328
37 234
37 391
37 249
37 270
37 265
37 385
37 244
37 403
37 262
37 357
37 246
37 345
37 134
37 332
37 392
37 256
37 100
37 310
37 417
37 425
37 279
37 350
37 208
37 502
37 40
37 148
37 111
37 182
37 41
37 119
38 200
38 39
38 134
38 40
39 42
39 45
39 40
40 46
40 277
40 99
40 258
40 348
40 85
40 106
40 434
40 112
40 108
40 113
40 110
40 125
40 408
40 78
40 94
40 81
40 87
40 80
40 419
40 312
40 82
40 217
40 260
40 179
40 44
40 394
40 426
40 407
40 263
40 327
40 210
40 267
40 268
40 86
40 388
40 400
40 215
40 355
40 406
40 243
40 328
40 235
40 270
40 265
40 244
40 403
40 310
40 332
40 111
40 350
40 256
40 100
40 182
40 41
40 345
40 191
40 292
40 178
40 386
40 357
40 342
40 502
40 381
40 246
40 132
40 91
40 92
40 231
40 134
40 59
40 554
40 262
40 361
40 440
40 279
40 503
40 442
40 441
40 148
40 392
40 467
41 174
41 99
41 258
41 334
41 329
41 348
41 364
41 330
41 376
41 323
41 379
41 372
41 261
41 85
41 112
41 124
41 108
41 343
41 109
41 113
41 110
41 125
41 121
41 408
41 78
41 122
41 95
41 104
41 93
41 94
41 103
41 81
41 337
41 289
41 83
41 87
41 471
41 114
41 80
41 312
41 360
41 82
41 378
41 374
41 373
41 411
41 260
41 325
41 316
41 179
41 44
41 331
41 380
41 493
41 490
41 476
41 354
41 394
41 407
41 401
41 263
41 327
41 210
41 250
41 269
41 266
41 267
41 268
41 86
41 102
41 215
41 355
41 328
41 414
41 418
41 235
41 270
41 265
41 385
41 403
41 310
41 332
41 433
41 111
41 119
41 352
41 350
41 256
41 100
41 183
41 182
41 335
41 347
41 436
41 262
41 359
41 361
41 357
41 132
41 59
41 175
41 51
41 177
41 134
41 362
41 184
41 344
41 178
41 251
41 496
41 467
41 136
41 377
41 180
41 181
41 381
41 502
41 369
41 320
41 333
41 356
41 345
41 477
41 291
41 91
41 154
41 366
41 317
41 92
41 358
41 318
41 127
41 503
41 319
41 349
41 363
41 442
41 155
41 351
41 246
41 494
41 353
41 367
41 148
41 45
41 392
41 495
42 53
42 61
42 145
42 70
42 147
42 67
42 60
42 140
42 201
42 513
42 72
42 71
42 197
42 555
42 167
42 69
42 132
42 66
42 139
42 65
42 62
42 63
42 135
42 133
42 58
42 166
42 68
42 173
42 192
42 142
42 55
42 129
42 59
42 134
42 136
43 175
43 50
43 45
43 567
43 51
43 54
43 55
43 134
43 59
43 251
43 132
43 73
43 139
43 551
43 549
43 529
43 52
43 58
43 75
43 497
43 489
44 434
44 112
44 124
44 108
44 343
44 109
44 110
44 122
44 95
44 93
44 179
44 102
44 100
44 433
44 111
44 467
44 496
44 256
44 45
45 277
45 99
45 379
45 108
45 110
45 94
45 443
45 398
45 327
45 210
45 126
45 388
45 355
45 328
45 270
45 265
45 310
45 111
45 183
45 182
45 347
45 162
45 278
45 455
45 349
45 342
45 381
45 184
45 246
45 92
45 279
45 231
45 442
45 467
45 392
46 148
46 278
47 134
47 50
47 200
47 51
47 251
48 542
48 532
48 136
48 531
48 556
48 529
48 489
48 52
49 71
49 272
49 50
49 567
49 569
49 547
49 497
49 251
49 51
49 529
49 531
49 489
49 52
49 132
49 139
49 59
49 571
49 573
49 570
49 539
49 134
49 136
49 556
50 159
50 94
50 177
50 369
50 320
50 356
50 175
50 542
50 131
50 71
50 278
50 198
50 272
50 200
50 136
50 51
50 547
50 538
50 132
50 497
50 440
50 134
50 251
50 194
50 199
50 59
50 552
50 441
50 141
50 180
50 556
50 529
50 156
50 52
50 557
51 165
51 170
51 78
51 94
51 81
51 87
51 378
51 263
51 86
51 328
51 265
51 100
51 195
51 528
51 320
51 356
51 175
51 131
51 71
51 198
51 272
51 180
51 540
51 359
51 453
51 548
51 552
51 541
51 477
51 361
51 568
51 194
51 127
51 438
51 535
51 439
51 536
51 442
51 567
51 512
51 440
51 441
51 550
51 569
51 572
51 557
51 547
51 538
51 497
51 251
51 549
51 556
51 58
51 489
51 73
51 59
51 134
51 52
51 55
51 139
51 539
51 132
51 133
51 141
51 529
51 531
51 570
51 571
51 54
51 551
51 66
51 75
51 62
51 168
51 136
51 199
51 143
51 166
51 68
51 532
51 192
51 167
52 159
52 378
52 528
52 533
52 175
52 71
52 306
52 361
52 441
52 497
52 251
52 532
52 529
52 531
52 489
52 54
52 151
52 556
52 59
52 132
52 134
52 68
52 156
53 54
53 55
53 56
53 57
53 58
53 59
53 60
53 61
53 62
53 63
53 64
53 65
53 66
53 67
53 68
53 69
53 70
53 71
53 72
53 73
53 74
53 75
53 76
53 137
54 76
54 61
54 145
54 165
54 138
54 70
54 170
54 57
54 78
54 147
54 67
54 60
54 169
54 146
54 505
54 172
54 509
54 64
54 171
54 195
54 140
54 513
54 72
54 131
54 511
54 71
54 555
54 180
54 194
54 567
54 167
54 69
54 132
54 66
54 56
54 168
54 139
54 65
54 62
54 74
54 63
54 75
54 141
54 135
54 133
54 58
54 166
54 68
54 173
54 192
54 137
54 55
54 129
54 143
54 59
54 130
54 134
54 73
54 551
55 76
55 61
55 145
55 165
55 138
55 70
55 170
55 57
55 94
55 81
55 147
55 67
55 60
55 196
55 169
55 146
55 505
55 172
55 509
55 64
55 202
55 510
55 171
55 195
55 140
55 201
55 513
55 72
55 175
55 318
55 131
55 511
55 71
55 555
55 180
55 359
55 194
55 127
55 512
55 440
55 251
55 529
55 167
55 69
55 132
55 66
55 56
55 168
55 139
55 65
55 62
55 74
55 63
55 75
55 141
55 135
55 133
55 58
55 166
55 68
55 173
55 192
55 137
55 142
55 73
55 134
55 143
55 59
55 130
56 61
56 145
56 165
56 138
56 170
56 60
56 169
56 146
56 140
56 71
56 200
56 251
56 167
56 69
56 132
56 130
56 75
56 141
56 58
56 59
56 65
56 133
56 166
56 68
56 139
56 63
56 168
56 62
56 137
56 73
56 74
56 143
56 173
56 134
57 61
57 65
57 68
57 167
57 59
57 132
57 139
57 192
57 62
57 142
57 197
57 67
57 173
57 58
57 134
57 135
57 166
57 71
57 69
57 133
57 60
57 63
58 61
58 165
58 138
58 170
58 81
58 67
58 60
58 169
58 146
58 509
58 202
58 510
58 193
58 513
58 72
58 131
58 144
58 511
58 71
58 200
58 180
58 194
58 567
58 512
58 547
58 251
58 167
58 69
58 132
58 66
58 168
58 139
58 65
58 62
58 74
58 63
58 75
58 141
58 133
58 129
58 73
58 130
58 134
58 136
58 143
58 192
58 142
58 551
59 61
59 165
59 138
59 159
59 99
59 348
59 78
59 94
59 81
59 87
59 443
59 316
59 86
59 328
59 265
59 67
59 60
59 196
59 169
59 146
59 505
59 172
59 64
59 100
59 510
59 193
59 140
59 128
59 513
59 520
59 175
59 131
59 144
59 511
59 71
59 543
59 198
59 544
59 197
59 200
59 545
59 180
59 453
59 548
59 552
59 361
59 194
59 442
59 512
59 440
59 441
59 547
59 538
59 497
59 251
59 529
59 167
59 69
59 132
59 66
59 168
59 139
59 65
59 62
59 74
59 63
59 75
59 141
59 135
59 133
59 68
59 173
59 192
59 142
59 73
59 129
59 551
59 136
59 130
59 155
59 89
59 199
59 156
59 205
59 134
59 92
59 96
59 170
60 138
60 67
60 132
60 129
60 75
60 137
60 139
60 71
60 141
60 192
60 142
60 196
60 169
60 66
60 72
60 135
60 143
60 130
60 63
60 74
60 68
60 166
60 140
61 129
61 75
61 130
61 63
61 131
61 71
61 132
61 65
61 66
61 133
61 67
61 134
61 135
61 136
61 73
61 74
61 137
61 138
61 139
61 69
61 140
61 62
61 141
61 142
61 143
61 144
62 165
62 138
62 170
62 86
62 67
62 196
62 146
62 505
62 64
62 202
62 510
62 195
62 193
62 140
62 513
62 72
62 131
62 511
62 71
62 200
62 555
62 194
62 567
62 167
62 69
62 132
62 168
62 139
62 129
62 75
62 143
62 192
62 551
62 73
62 141
62 142
62 133
62 134
62 74
62 166
62 137
62 130
62 63
62 135
63 76
63 145
63 165
63 138
63 78
63 67
63 196
63 169
63 509
63 64
63 171
63 195
63 193
63 140
63 201
63 128
63 72
63 71
63 200
63 555
63 567
63 167
63 69
63 132
63 66
63 168
63 139
63 74
63 133
63 75
63 141
63 143
63 137
63 129
63 73
63 68
63 192
63 142
63 173
63 135
63 130
63 134
63 166
64 76
64 128
64 75
64 167
64 65
64 66
64 73
64 68
65 165
65 138
65 170
65 67
65 196
65 169
65 146
65 510
65 140
65 201
65 128
65 72
65 131
65 144
65 71
65 197
65 555
65 194
65 167
65 132
65 168
65 139
65 75
65 143
65 129
65 73
65 74
65 192
65 141
65 133
65 134
65 137
65 130
65 173
65 135
65 166
65 68
66 145
66 165
66 138
66 70
66 170
66 147
66 67
66 196
66 169
66 146
66 505
66 172
66 510
66 171
66 195
66 193
66 140
66 128
66 513
66 72
66 131
66 144
66 71
66 197
66 200
66 555
66 567
66 167
66 69
66 132
66 133
66 75
66 141
66 143
66 68
66 137
66 130
66 192
66 173
66 129
66 134
66 73
66 74
66 166
66 168
66 139
66 142
67 138
67 147
67 69
67 167
67 71
67 132
67 129
67 68
67 192
67 137
67 72
67 135
68 165
68 138
68 170
68 196
68 510
68 128
68 513
68 72
68 131
68 144
68 71
68 200
68 194
68 69
68 132
68 168
68 139
68 74
68 75
68 141
68 135
68 133
68 130
68 73
68 143
68 129
68 192
68 142
68 136
68 134
69 145
69 165
69 138
69 196
69 171
69 513
69 72
69 511
69 71
69 200
69 194
69 167
69 75
69 143
69 129
69 74
69 130
69 139
69 192
69 132
69 173
69 135
69 141
69 137
69 73
69 133
70 138
70 129
70 75
70 73
70 132
70 202
70 131
70 71
70 139
70 141
70 133
70 137
71 165
71 138
71 159
71 99
71 81
71 86
71 111
71 510
71 171
71 195
71 140
71 542
71 136
71 75
71 143
71 166
71 141
71 547
71 361
71 129
71 133
71 139
71 192
71 132
71 497
71 543
71 198
71 440
71 134
71 92
71 251
71 194
71 548
71 544
71 96
71 156
71 441
71 539
71 167
71 200
71 272
71 135
71 199
71 545
71 549
71 550
71 130
71 73
71 168
71 173
71 197
71 551
71 552
71 74
71 142
72 138
72 147
72 167
72 75
73 165
73 170
73 146
73 509
73 510
73 140
73 128
73 132
73 168
73 139
73 74
73 75
73 141
73 135
73 133
73 173
73 192
73 137
73 130
73 143
74 76
74 138
74 513
74 167
74 132
74 168
74 139
74 75
74 137
74 173
75 76
75 145
75 165
75 169
75 146
75 505
75 172
75 509
75 140
75 201
75 128
75 513
75 131
75 453
75 552
75 541
75 477
75 568
75 194
75 127
75 567
75 512
75 550
75 251
75 167
75 132
75 168
75 139
75 135
75 166
75 192
75 141
75 173
75 143
75 130
75 137
75 133
75 134
75 551
75 129
76 127
76 128
77 78
77 79
77 80
77 81
77 82
77 83
77 84
77 85
77 86
77 87
77 88
77 89
77 90
77 91
77 92
77 93
77 94
77 95
77 96
77 97
77 98
77 99
77 100
77 101
77 102
77 103
77 104
77 105
77 106
77 429
77 428
78 85
78 112
78 108
78 110
78 408
78 92
78 94
78 95
78 111
78 100
78 86
78 210
78 81
78 82
78 182
78 263
78 410
78 355
78 87
78 395
78 361
78 265
78 360
78 256
78 134
78 136
78 419
78 119
78 403
78 327
78 357
78 328
78 268
78 199
78 80
78 246
78 310
78 392
78 312
78 105
78 262
78 237
78 289
78 93
78 126
78 208
78 446
78 404
78 335
79 106
79 112
79 95
79 93
79 94
79 449
79 103
79 81
79 83
79 87
79 481
79 246
79 210
79 105
79 82
79 182
79 263
79 237
79 395
79 265
79 92
79 419
79 117
79 268
79 126
79 80
79 208
79 428
79 429
79 469
79 404
79 451
79 392
79 472
80 85
80 106
80 112
80 124
80 108
80 110
80 408
80 95
80 93
80 94
80 449
80 103
80 81
80 289
80 83
80 87
80 471
80 481
80 262
80 86
80 246
80 210
80 473
80 105
80 82
80 182
80 263
80 345
80 401
80 417
80 355
80 237
80 395
80 238
80 265
80 255
80 404
80 256
80 92
80 419
80 426
80 119
80 117
80 463
80 332
80 328
80 268
80 126
80 208
80 244
80 422
80 245
80 446
80 428
80 217
80 472
80 429
80 270
80 111
80 392
80 312
80 100
80 317
80 180
80 89
80 360
80 319
81 107
81 158
81 159
81 150
81 99
81 334
81 339
81 348
81 376
81 372
81 261
81 85
81 106
81 112
81 124
81 108
81 343
81 109
81 113
81 110
81 125
81 121
81 408
81 462
81 122
81 95
81 456
81 101
81 340
81 104
81 465
81 437
81 458
81 93
81 435
81 94
81 432
81 116
81 338
81 115
81 449
81 90
81 103
81 216
81 459
81 383
81 184
81 187
81 87
81 175
81 264
81 102
81 86
81 369
81 180
81 380
81 251
81 344
81 266
81 267
81 268
81 382
81 269
81 480
81 406
81 391
81 243
81 260
81 119
81 120
81 471
81 82
81 83
81 235
81 475
81 265
81 412
81 295
81 377
81 315
81 428
81 429
81 469
81 270
81 357
81 246
81 426
81 132
81 141
81 257
81 359
81 84
81 151
81 205
81 89
81 91
81 154
81 92
81 161
81 155
81 271
81 96
81 156
81 289
81 393
81 345
81 394
81 209
81 335
81 210
81 473
81 105
81 262
81 182
81 263
81 211
81 236
81 237
81 347
81 362
81 238
81 240
81 214
81 388
81 241
81 396
81 117
81 332
81 385
81 398
81 208
81 244
81 245
81 400
81 215
81 248
81 413
81 217
81 310
81 414
81 250
81 448
81 401
81 403
81 404
81 419
81 134
81 282
81 355
81 179
81 457
81 361
81 450
81 198
81 387
81 360
81 291
81 256
81 292
81 378
81 136
81 389
81 114
81 327
81 259
81 350
81 322
81 111
81 312
81 100
81 191
81 97
81 395
81 407
81 181
81 118
81 328
81 487
81 390
81 490
81 476
81 242
81 431
81 190
81 162
81 386
81 501
81 231
82 174
82 339
82 348
82 85
82 106
82 112
82 124
82 108
82 110
82 408
82 122
82 95
82 93
82 435
82 94
82 103
82 289
82 83
82 87
82 471
82 114
82 472
82 469
82 429
82 428
82 419
82 312
82 360
82 215
82 111
82 86
82 260
82 357
82 246
82 256
82 210
82 473
82 105
82 262
82 263
82 345
82 355
82 237
82 406
82 395
82 238
82 265
82 255
82 92
82 426
82 117
82 268
82 484
82 431
82 126
82 208
82 243
82 244
82 352
82 446
82 310
82 270
82 392
82 316
82 327
82 100
82 180
82 119
82 235
82 89
82 391
82 332
82 155
82 422
82 362
82 335
82 118
83 85
83 108
83 95
83 435
83 216
83 86
83 100
83 246
83 471
83 428
83 105
83 210
83 233
83 234
83 355
83 236
83 237
83 213
83 238
83 214
83 332
83 208
83 244
83 217
83 249
83 219
83 182
83 87
84 185
84 157
84 206
84 158
84 99
84 94
84 289
84 430
84 482
84 327
84 86
84 265
84 118
84 119
84 100
84 302
84 191
84 445
84 162
84 315
84 300
84 321
84 282
84 322
84 575
84 576
84 203
84 186
84 151
84 92
84 188
84 231
84 155
84 271
84 187
84 153
84 301
84 577
84 304
84 280
84 96
84 309
84 257
84 474
84 286
84 578
84 88
84 205
84 89
84 255
84 579
84 91
84 566
84 152
84 189
84 299
84 527
84 303
84 305
84 580
84 156
84 521
84 565
84 311
84 288
84 220
84 293
84 161
84 253
84 274
84 252
84 287
84 154
84 284
84 297
84 298
84 308
85 107
85 158
85 99
85 258
85 334
85 339
85 330
85 323
85 261
85 384
85 371
85 260
85 113
85 359
85 361
85 89
85 262
85 388
85 266
85 382
85 94
85 187
85 370
85 325
85 374
85 380
85 389
85 257
85 92
85 327
85 390
85 245
85 119
85 265
85 391
85 115
85 338
85 175
85 246
85 392
85 289
85 393
85 86
85 394
85 210
85 105
85 263
85 120
85 208
85 249
85 250
85 209
85 182
85 236
85 237
85 395
85 241
85 396
85 242
85 117
85 397
85 386
85 398
85 399
85 400
85 217
85 401
85 87
85 256
85 328
85 110
85 402
85 270
85 403
85 345
85 404
85 405
85 406
85 332
85 125
85 112
85 91
85 312
85 102
85 100
85 310
85 178
85 179
85 111
85 407
85 408
85 335
85 180
85 350
85 122
85 409
85 235
85 410
85 101
85 355
85 103
85 238
85 411
85 412
85 360
85 95
85 267
85 385
85 268
85 155
85 243
85 413
85 383
85 269
85 414
85 264
85 93
85 106
85 240
85 476
85 214
85 377
86 204
86 158
86 99
86 258
86 339
86 329
86 370
86 330
86 323
86 375
86 372
86 261
86 384
86 371
86 112
86 108
86 343
86 109
86 113
86 110
86 125
86 121
86 462
86 122
86 95
86 101
86 340
86 104
86 458
86 93
86 94
86 116
86 338
86 115
86 449
86 90
86 103
86 459
86 393
86 289
86 87
86 114
86 428
86 419
86 312
86 405
86 360
86 482
86 378
86 443
86 374
86 491
86 488
86 389
86 373
86 411
86 324
86 117
86 217
86 390
86 260
86 245
86 325
86 316
86 179
86 394
86 426
86 395
86 446
86 407
86 401
86 263
86 327
86 210
86 402
86 250
86 264
86 269
86 416
86 409
86 473
86 266
86 267
86 268
86 420
86 262
86 388
86 400
86 215
86 184
86 203
86 151
86 92
86 251
86 231
86 155
86 187
86 111
86 181
86 257
86 175
86 345
86 178
86 235
86 438
86 285
86 359
86 504
86 102
86 355
86 132
86 123
86 220
86 361
86 205
86 89
86 450
86 265
86 412
86 387
86 418
86 291
86 256
86 440
86 292
86 272
86 91
86 154
86 134
86 320
86 136
86 295
86 391
86 119
86 403
86 259
86 332
86 161
86 385
86 377
86 382
86 350
86 301
86 315
86 191
86 246
86 356
86 306
86 96
86 156
86 441
86 274
86 322
86 310
86 414
86 270
86 448
86 100
86 406
86 243
86 357
86 177
86 335
86 431
86 392
86 317
86 319
86 328
86 180
86 162
86 211
86 120
86 453
86 363
86 238
86 445
87 99
87 339
87 106
87 112
87 108
87 113
87 110
87 125
87 121
87 408
87 122
87 95
87 101
87 93
87 94
87 116
87 338
87 449
87 103
87 216
87 336
87 289
87 215
87 208
87 111
87 392
87 312
87 270
87 260
87 265
87 246
87 256
87 471
87 210
87 105
87 262
87 263
87 355
87 237
87 406
87 238
87 255
87 92
87 419
87 119
87 117
87 327
87 332
87 268
87 126
87 244
87 245
87 446
87 310
87 429
87 407
87 412
87 352
87 403
87 345
87 114
87 100
87 179
87 182
87 319
87 180
87 416
87 235
87 89
87 404
87 360
87 91
87 391
87 328
87 155
87 350
87 452
87 351
87 156
87 428
87 469
87 405
87 102
87 335
87 317
88 98
88 158
88 159
88 160
88 150
88 99
88 230
88 94
88 259
88 164
88 276
88 162
88 296
88 307
88 484
88 583
88 273
88 297
88 153
88 156
88 584
88 287
88 220
88 89
88 582
88 186
88 255
88 274
88 154
88 579
88 301
88 231
88 96
88 293
88 519
88 303
88 591
88 588
88 205
88 311
88 226
88 151
88 474
88 229
88 308
88 257
88 222
88 284
88 188
88 566
88 91
88 298
88 271
88 221
88 280
88 523
88 252
88 521
88 203
88 155
88 187
88 299
88 92
88 161
88 223
88 152
88 189
88 227
88 163
88 305
88 275
88 581
88 286
88 288
88 590
88 524
88 586
88 594
88 587
88 589
88 228
88 254
89 98
89 185
89 157
89 204
89 206
89 158
89 159
89 150
89 99
89 230
89 112
89 108
89 113
89 110
89 462
89 122
89 95
89 94
89 90
89 103
89 289
89 430
89 263
89 327
89 126
89 328
89 265
89 310
89 120
89 119
89 256
89 100
89 302
89 191
89 445
89 500
89 514
89 190
89 259
89 164
89 276
89 162
89 315
89 296
89 307
89 313
89 290
89 300
89 515
89 291
89 285
89 295
89 281
89 565
89 321
89 282
89 322
89 314
89 359
89 361
89 583
89 297
89 153
89 156
89 584
89 287
89 220
89 203
89 151
89 231
89 155
89 187
89 96
89 299
89 257
89 255
89 189
89 527
89 305
89 311
89 205
89 161
89 274
89 284
89 252
89 575
89 474
89 576
89 286
89 578
89 288
89 591
89 186
89 221
89 222
89 223
89 224
89 91
89 154
89 293
89 566
89 152
89 592
89 298
89 253
89 227
89 590
89 271
89 301
89 593
89 303
89 577
89 304
89 280
89 519
89 580
89 589
89 275
89 308
89 309
89 228
89 229
89 579
90 107
90 150
90 99
90 334
90 106
90 108
90 462
90 464
90 122
90 95
90 456
90 101
90 104
90 465
90 458
90 93
90 435
90 94
90 116
90 115
90 187
90 459
90 209
90 162
90 189
90 289
90 393
90 332
90 210
90 105
90 263
90 347
90 238
90 265
90 240
90 388
90 241
90 117
90 398
90 208
90 400
90 217
90 182
90 386
90 426
90 396
90 216
90 404
90 312
91 157
91 206
91 158
91 99
91 94
91 289
91 325
91 265
91 111
91 256
91 100
91 191
91 500
91 190
91 259
91 162
91 315
91 307
91 313
91 290
91 320
91 356
91 344
91 175
91 180
91 291
91 285
91 565
91 321
91 282
91 322
91 297
91 153
91 156
91 287
91 220
91 255
91 154
91 301
91 231
91 96
91 293
91 577
91 590
91 580
91 519
91 304
91 303
91 591
91 593
91 205
91 311
91 151
91 474
91 229
91 308
91 257
91 222
91 284
91 188
91 566
91 203
91 299
91 92
91 134
91 161
91 316
91 252
91 575
91 254
91 576
91 578
91 288
91 223
91 224
91 152
91 95
91 189
91 227
91 583
91 155
91 271
91 187
91 280
91 589
91 524
91 309
91 228
92 158
92 159
92 150
92 99
92 376
92 372
92 108
92 110
92 95
92 94
92 289
92 430
92 312
92 378
92 260
92 325
92 179
92 263
92 327
92 268
92 126
92 328
92 270
92 265
92 310
92 111
92 256
92 100
92 302
92 191
92 445
92 500
92 514
92 294
92 190
92 259
92 162
92 315
92 296
92 307
92 313
92 290
92 300
92 320
92 356
92 181
92 344
92 175
92 180
92 387
92 291
92 306
92 501
92 285
92 499
92 295
92 123
92 281
92 283
92 565
92 321
92 282
92 322
92 314
92 361
92 484
92 153
92 156
92 287
92 220
92 186
92 255
92 274
92 579
92 301
92 231
92 96
92 293
92 577
92 590
92 580
92 519
92 304
92 303
92 205
92 311
92 151
92 474
92 308
92 257
92 284
92 566
92 271
92 527
92 280
92 309
92 521
92 187
92 288
92 305
92 450
92 299
92 286
92 203
92 152
92 435
92 189
92 155
92 581
92 576
92 578
92 524
92 136
92 134
92 161
92 589
92 246
92 319
93 107
93 158
93 159
93 150
93 99
93 258
93 334
93 339
93 106
93 112
93 124
93 108
93 408
93 462
93 464
93 437
93 458
93 260
93 152
93 189
93 311
93 433
93 406
93 243
93 245
93 357
93 209
93 210
93 105
93 281
93 263
93 283
93 264
93 211
93 162
93 395
93 103
93 238
93 265
93 418
93 294
93 426
93 332
93 442
93 443
93 385
93 268
93 431
93 398
93 244
93 215
93 217
93 354
93 414
93 270
93 448
93 246
93 314
93 471
93 355
93 240
93 360
93 241
93 117
93 208
93 446
93 428
93 472
93 429
93 469
93 289
93 466
93 461
93 393
93 430
93 413
93 412
93 119
93 118
93 351
93 182
93 347
93 386
93 467
93 335
93 390
93 236
93 237
93 388
93 396
93 397
93 191
93 400
93 120
93 449
93 473
93 262
93 409
93 235
93 102
93 256
93 419
93 242
93 391
93 114
93 266
93 327
93 463
93 420
93 267
93 328
93 338
93 382
93 350
93 402
93 394
93 383
93 269
93 310
93 111
93 250
93 407
93 100
93 292
93 190
93 320
94 98
94 185
94 157
94 158
94 159
94 150
94 99
94 258
94 348
94 376
94 375
94 372
94 261
94 112
94 124
94 108
94 113
94 110
94 125
94 464
94 95
94 359
94 361
94 262
94 449
94 210
94 257
94 175
94 474
94 177
94 263
94 235
94 438
94 102
94 355
94 286
94 203
94 475
94 151
94 289
94 476
94 103
94 265
94 360
94 256
94 154
94 378
94 251
94 344
94 152
94 116
94 426
94 391
94 119
94 114
94 266
94 439
94 231
94 267
94 328
94 377
94 268
94 338
94 155
94 350
94 187
94 153
94 244
94 303
94 337
94 280
94 96
94 156
94 394
94 428
94 269
94 270
94 111
94 312
94 407
94 100
94 126
94 205
94 161
94 259
94 260
94 181
94 178
94 179
94 450
94 238
94 387
94 291
94 272
94 241
94 134
94 320
94 389
94 327
94 300
94 120
94 208
94 356
94 331
94 310
94 477
94 132
94 393
94 430
94 316
94 401
94 345
94 332
94 443
94 446
94 317
94 318
94 319
94 180
94 453
94 363
94 278
95 107
95 159
95 150
95 99
95 334
95 346
95 106
95 112
95 124
95 108
95 125
95 121
95 408
95 462
95 464
95 262
95 155
95 187
95 257
95 382
95 360
95 449
95 103
95 459
95 458
95 328
95 466
95 465
95 209
95 162
95 240
95 241
95 152
95 190
95 189
95 208
95 217
95 428
95 289
95 393
95 430
95 175
95 210
95 105
95 263
95 234
95 235
95 355
95 468
95 236
95 213
95 238
95 404
95 214
95 419
95 119
95 117
95 327
95 463
95 398
95 399
95 246
95 423
95 218
95 250
95 424
95 219
95 437
95 332
95 331
95 395
95 347
95 265
95 388
95 396
95 426
95 397
95 268
95 244
95 422
95 400
95 446
95 269
95 270
95 111
95 100
95 179
95 317
95 319
95 180
95 320
95 182
95 386
95 467
95 335
95 390
95 406
95 242
95 385
95 191
95 245
95 448
95 401
95 102
95 256
95 215
95 394
95 310
95 283
96 98
96 159
96 150
96 99
96 272
96 484
96 583
96 273
96 297
96 153
96 156
96 582
96 585
96 186
96 255
96 274
96 154
96 231
96 203
96 151
96 189
96 523
96 155
96 187
96 280
96 521
96 524
96 275
96 308
96 257
96 586
96 474
96 596
96 152
96 161
96 271
96 163
96 587
96 519
96 588
96 205
96 134
96 286
96 252
96 298
96 581
96 311
97 220
97 221
97 222
97 223
97 224
97 225
97 226
97 227
97 228
97 229
97 230
97 231
98 149
98 150
98 151
98 152
98 153
98 154
98 155
98 156
98 157
98 158
98 159
98 160
98 99
98 161
98 162
98 163
98 164
99 185
99 157
99 204
99 158
99 159
99 160
99 150
99 203
99 186
99 151
99 152
99 188
99 189
99 231
99 155
99 187
99 281
99 257
99 282
99 175
99 263
99 254
99 283
99 284
99 285
99 286
99 287
99 288
99 162
99 220
99 205
99 289
99 265
99 255
99 290
99 291
99 292
99 154
99 293
99 294
99 295
99 296
99 190
99 297
99 259
99 298
99 161
99 299
99 300
99 153
99 301
99 302
99 191
99 303
99 304
99 305
99 280
99 306
99 156
99 307
99 308
99 309
99 310
99 311
99 111
99 312
99 100
99 313
99 314
99 315
99 316
99 134
99 179
99 317
99 318
99 319
99 119
99 120
99 118
99 320
99 262
99 270
99 253
99 321
99 322
100 107
100 158
100 339
100 261
100 384
100 434
100 112
100 124
100 108
100 343
100 109
100 113
100 110
100 125
100 121
100 122
100 101
100 104
100 458
100 435
100 289
100 114
100 404
100 419
100 312
100 405
100 378
100 240
100 117
100 209
100 217
100 260
100 245
100 179
100 394
100 426
100 395
100 446
100 407
100 105
100 263
100 241
100 327
100 210
100 250
100 264
100 266
100 268
100 388
100 355
100 415
100 248
100 406
100 431
100 328
100 414
100 270
100 265
100 385
100 412
100 403
100 310
100 332
100 433
100 111
100 120
100 119
100 350
100 256
100 182
100 351
100 353
100 187
100 208
100 359
100 361
100 246
100 257
100 345
100 134
100 377
100 262
100 291
100 292
100 152
100 231
100 155
100 191
100 156
100 311
100 180
100 181
100 386
100 363
100 335
101 107
101 334
101 106
101 112
101 462
101 449
101 328
101 289
101 393
101 430
101 209
101 210
101 105
101 234
101 235
101 355
101 237
101 238
101 404
101 214
101 241
101 461
101 117
101 332
101 466
101 208
101 452
101 399
101 217
101 249
101 250
101 424
101 405
101 437
101 458
101 269
101 182
101 347
101 386
101 236
101 240
101 397
101 398
101 263
101 264
101 103
101 265
101 256
101 388
101 419
101 119
101 327
101 463
101 268
101 338
101 244
101 245
102 107
102 339
102 384
102 106
102 434
102 112
102 108
102 435
102 103
102 216
102 289
102 419
102 240
102 117
102 217
102 245
102 426
102 446
102 105
102 263
102 241
102 327
102 210
102 402
102 413
102 264
102 269
102 473
102 268
102 420
102 382
102 406
102 388
102 208
102 265
102 111
102 335
102 182
102 415
102 355
102 212
102 238
102 119
102 385
102 431
102 120
102 351
102 215
102 310
102 270
102 396
102 400
103 232
103 334
103 346
103 106
103 112
103 124
103 121
103 460
103 462
103 464
103 122
103 456
103 104
103 465
103 458
103 435
103 432
103 115
103 459
103 289
103 393
103 430
103 209
103 210
103 105
103 263
103 235
103 264
103 417
103 236
103 213
103 238
103 240
103 404
103 478
103 419
103 461
103 117
103 332
103 267
103 208
103 452
103 244
103 423
103 247
103 217
103 355
103 395
103 397
103 463
103 270
103 428
103 262
103 347
103 256
103 388
103 119
103 266
103 327
103 328
103 385
103 268
103 398
103 216
104 334
104 106
104 112
104 341
104 462
104 209
104 233
104 417
104 289
104 240
104 214
104 461
104 117
104 463
104 332
104 466
104 245
104 399
104 217
104 310
104 210
104 182
104 347
104 238
104 241
104 426
104 398
104 208
104 467
104 449
104 105
104 263
104 264
104 355
104 236
104 406
104 256
104 388
104 119
104 327
104 420
104 328
104 268
104 244
104 270
104 345
104 425
104 404
104 455
104 451
104 403
104 350
104 452
104 246
104 353
104 394
104 392
104 312
104 405
104 265
104 397
104 385
105 207
105 232
105 258
105 329
105 346
105 112
105 124
105 108
105 343
105 113
105 110
105 121
105 460
105 462
105 122
105 456
105 340
105 470
105 465
105 432
105 116
105 338
105 115
105 479
105 216
105 459
105 336
105 337
105 393
105 289
105 466
105 430
105 471
105 423
105 472
105 469
105 429
105 428
105 419
105 451
105 405
105 360
105 478
105 421
105 117
105 217
105 208
105 234
105 235
105 468
105 454
105 461
105 402
105 424
105 263
105 401
105 265
105 241
105 327
105 126
105 256
106 339
106 384
106 310
106 357
106 209
106 182
106 236
106 347
106 240
106 388
106 396
106 426
106 117
106 208
106 400
106 217
106 427
106 263
106 428
106 429
106 289
106 234
106 115
106 423
106 430
106 216
106 179
106 178
106 353
106 119
106 386
106 390
106 210
106 262
106 355
106 212
106 265
106 256
106 340
106 266
106 327
106 328
106 385
106 268
106 431
106 126
106 244
106 245
106 432
106 215
106 394
106 433
106 270
107 108
107 109
107 110
107 111
107 112
107 113
107 114
107 115
107 116
107 117
107 118
107 119
107 120
107 121
107 122
107 123
107 124
107 125
107 126
108 339
108 348
108 261
108 384
108 434
108 112
108 263
108 409
108 401
108 211
108 212
108 406
108 456
108 395
108 289
108 256
108 388
108 241
108 451
108 109
108 266
108 327
108 420
108 328
108 343
108 431
108 208
108 452
108 351
108 215
108 446
108 248
108 414
108 270
108 312
108 405
108 219
108 262
108 382
108 175
108 231
108 155
108 305
108 209
108 210
108 182
108 345
108 236
108 162
108 457
108 238
108 265
108 412
108 240
108 437
108 458
108 396
108 117
108 397
108 385
108 386
108 268
108 118
108 191
108 400
108 246
108 216
108 113
108 433
108 217
108 310
108 110
108 111
108 257
108 435
108 122
108 459
108 390
108 237
108 347
108 426
108 427
108 114
108 332
108 355
108 360
108 338
108 350
108 250
108 116
108 335
108 183
108 362
108 119
109 384
109 124
109 113
109 209
109 182
109 240
109 388
109 396
109 208
109 217
109 390
109 236
109 117
109 400
109 216
109 263
109 111
109 121
110 207
110 339
110 124
110 343
110 113
110 210
110 122
110 409
110 235
110 406
110 395
110 265
110 454
110 388
110 241
110 391
110 268
110 208
110 351
110 352
110 446
110 111
110 448
110 219
110 262
110 231
110 155
110 209
110 181
110 175
110 182
110 263
110 345
110 211
110 355
110 236
110 238
110 240
110 404
110 360
110 396
110 419
110 117
110 327
110 397
110 328
110 385
110 386
110 431
110 126
110 350
110 400
110 246
110 215
110 394
110 433
110 217
110 310
110 270
110 312
110 267
110 243
110 244
110 336
110 401
110 412
110 332
110 114
110 407
110 392
110 180
110 382
110 335
110 260
111 258
111 339
111 348
111 261
111 112
111 124
111 343
111 113
111 125
111 121
111 337
111 289
111 114
111 419
111 312
111 240
111 117
111 217
111 179
111 354
111 394
111 426
111 395
111 446
111 407
111 263
111 327
111 210
111 250
111 266
111 268
111 388
111 236
111 400
111 237
111 215
111 355
111 248
111 406
111 243
111 431
111 328
111 391
111 235
111 270
111 265
111 385
111 412
111 403
111 310
111 332
111 433
111 262
111 184
111 209
111 181
111 208
111 361
111 357
111 246
111 182
111 345
111 256
111 425
111 347
111 362
111 436
111 119
111 349
111 155
111 350
111 351
111 502
111 352
111 353
111 392
111 183
111 180
111 335
111 134
112 207
112 339
112 348
112 384
112 263
112 122
112 409
112 355
112 124
112 406
112 395
112 238
112 265
112 454
112 256
112 388
112 327
112 328
112 385
112 268
112 343
112 431
112 208
112 351
112 215
112 446
112 113
112 269
112 270
112 448
112 209
112 210
112 182
112 236
112 240
112 241
112 396
112 117
112 246
112 433
112 217
112 347
112 400
112 427
112 289
112 332
112 119
112 312
112 335
112 386
112 262
112 397
113 339
113 434
113 210
113 262
113 263
113 415
113 345
113 409
113 401
113 121
113 211
113 355
113 212
113 236
113 406
113 395
113 238
113 265
113 125
113 388
113 241
113 419
113 119
113 328
113 385
113 431
113 208
113 351
113 352
113 215
113 446
113 216
113 248
113 219
113 407
113 182
113 412
113 458
113 270
113 257
113 122
113 209
113 347
113 240
113 396
113 117
113 400
113 217
113 427
113 289
113 256
113 335
113 183
113 397
114 384
114 435
114 289
114 265
114 328
114 263
114 209
114 335
114 390
114 210
114 473
114 182
114 409
114 212
114 236
114 406
114 395
114 238
114 240
114 256
114 388
114 241
114 396
114 119
114 117
114 327
114 332
114 385
114 268
114 120
114 208
114 245
114 400
114 217
114 427
114 386
115 334
115 464
115 437
115 458
115 209
115 210
115 263
115 234
115 236
115 237
115 213
115 289
115 238
115 240
115 214
115 241
115 419
115 242
115 117
115 397
115 463
115 466
115 393
115 208
115 244
115 399
115 400
115 246
115 217
115 249
115 250
115 424
115 405
115 355
115 395
115 347
115 388
115 398
115 449
115 386
115 426
115 332
116 334
116 464
116 465
116 458
116 209
116 210
116 234
116 236
116 237
116 289
116 238
116 240
116 404
116 214
116 241
116 396
116 419
116 463
116 332
116 420
116 208
116 244
116 217
116 249
116 263
116 355
116 395
116 347
116 265
116 388
116 426
116 117
116 397
116 268
116 398
116 400
116 270
116 317
116 449
116 182
117 207
117 232
117 346
117 124
117 343
117 125
117 121
117 122
117 340
117 470
117 338
117 479
117 216
117 336
117 393
117 289
117 469
117 482
117 240
117 327
117 433
117 260
117 492
117 263
117 234
117 120
117 244
117 402
117 247
117 413
117 250
117 209
117 210
117 401
117 325
117 126
117 390
117 119
117 245
117 217
117 256
118 126
118 119
118 120
119 158
119 258
119 376
119 261
119 124
119 460
119 340
119 216
119 336
119 393
119 289
119 312
119 482
119 389
119 486
119 324
119 260
119 245
119 325
119 401
119 263
119 327
119 210
119 250
119 413
119 264
119 269
119 266
119 267
119 268
119 468
119 126
119 382
119 355
119 328
119 235
119 270
119 265
119 244
119 238
119 120
119 436
119 187
119 256
119 504
119 123
119 506
119 483
119 387
119 291
119 231
119 350
119 507
119 444
119 447
119 508
120 207
120 232
120 346
120 121
120 460
120 341
120 122
120 340
120 216
120 336
120 289
120 389
120 217
120 263
120 327
120 250
120 264
120 266
120 267
120 468
120 126
120 326
120 382
120 383
120 328
120 234
120 235
120 213
120 265
120 238
120 454
120 208
120 256
120 123
120 387
120 291
121 208
121 269
121 210
121 234
121 236
121 237
121 289
121 238
121 240
121 214
121 421
121 246
121 215
121 216
121 217
121 408
121 249
121 392
121 209
121 182
121 241
121 386
121 335
122 334
122 124
122 125
122 462
122 464
122 266
122 361
122 449
122 395
122 412
122 437
122 458
122 328
122 466
122 360
122 209
122 289
122 393
122 430
122 210
122 263
122 417
122 238
122 240
122 404
122 241
122 419
122 451
122 461
122 463
122 332
122 208
122 399
122 217
122 317
122 338
122 182
122 347
122 426
122 386
122 335
122 398
122 245
122 467
122 265
122 388
122 242
122 397
122 268
122 446
122 270
123 492
123 327
123 265
123 191
123 259
123 315
123 292
123 291
123 306
123 501
123 285
123 499
123 295
123 526
123 282
123 457
123 151
123 231
123 321
123 450
123 314
123 257
123 154
124 258
124 339
124 348
124 261
124 434
124 262
124 182
124 263
124 409
124 235
124 211
124 355
124 212
124 236
124 406
124 395
124 289
124 238
124 265
124 388
124 241
124 396
124 328
124 385
124 268
124 431
124 208
124 243
124 244
124 422
124 245
124 400
124 352
124 215
124 446
124 216
124 248
124 433
124 310
124 270
124 448
124 312
124 427
124 219
124 407
124 209
124 210
124 240
124 397
124 386
124 217
124 214
124 183
124 404
124 451
124 353
124 455
124 335
125 339
125 263
125 406
125 395
125 265
125 388
125 328
125 385
125 208
125 351
125 215
125 446
125 216
125 248
125 270
125 241
125 458
125 357
125 209
125 182
125 347
125 240
125 396
125 426
125 400
125 289
125 210
125 236
125 238
125 397
125 217
125 427
125 335
126 158
126 258
126 334
126 339
126 329
126 348
126 323
126 261
126 384
126 456
126 465
126 435
126 443
126 491
126 488
126 324
126 217
126 492
126 390
126 239
126 260
126 245
126 325
126 395
126 401
126 263
126 241
126 327
126 210
126 250
126 413
126 264
126 269
126 416
126 409
126 473
126 266
126 267
126 268
126 420
126 391
126 332
126 382
126 208
126 383
126 235
126 265
126 412
126 322
126 262
126 182
126 355
126 406
126 238
126 388
126 385
126 243
126 244
126 310
126 270
126 256
126 445
126 292
127 175
127 176
127 363
127 318
127 278
127 180
127 359
127 541
127 477
127 361
127 132
127 251
127 134
128 138
128 143
128 130
128 137
128 139
128 132
129 145
129 202
129 171
129 195
129 193
129 198
129 197
129 555
129 167
129 132
129 139
129 141
129 135
129 133
129 166
129 173
129 192
129 142
129 134
129 136
129 199
130 170
130 146
130 505
130 172
130 509
130 195
130 140
130 513
130 555
130 167
130 132
130 168
130 139
130 141
130 135
130 133
130 166
130 173
130 137
131 134
131 141
131 133
131 440
131 441
131 192
131 132
131 194
131 166
131 167
131 200
131 135
131 136
131 545
131 139
131 168
131 173
132 145
132 165
132 138
132 159
132 170
132 348
132 316
132 179
132 147
132 196
132 169
132 505
132 172
132 509
132 202
132 510
132 171
132 195
132 193
132 140
132 201
132 513
132 320
132 356
132 144
132 198
132 200
132 555
132 180
132 548
132 552
132 477
132 361
132 568
132 442
132 567
132 512
132 440
132 441
132 550
132 547
132 497
132 251
132 549
132 529
132 489
132 167
132 137
132 173
132 135
132 168
132 192
132 141
132 142
132 551
132 133
132 134
132 136
132 377
132 166
132 143
133 145
133 165
133 146
133 202
133 195
133 144
133 511
133 197
133 194
133 441
133 497
133 251
133 167
133 168
133 139
133 137
133 192
133 173
133 136
134 138
134 159
134 327
134 265
134 310
134 171
134 356
134 175
134 542
134 543
134 198
134 544
134 272
134 197
134 545
134 180
134 359
134 453
134 548
134 552
134 361
134 568
134 194
134 512
134 440
134 441
134 550
134 547
134 497
134 251
134 167
134 139
134 554
134 141
134 135
134 166
134 173
134 192
134 142
134 156
134 154
134 205
134 151
134 257
134 155
134 152
134 136
134 199
134 551
134 328
134 377
134 143
135 165
135 138
135 147
135 146
135 140
135 567
135 167
135 168
135 139
135 141
135 166
135 192
135 137
136 138
136 265
136 195
136 542
136 144
136 543
136 198
136 544
136 272
136 197
136 200
136 546
136 545
136 180
136 194
136 440
136 441
136 497
136 251
136 532
136 192
136 142
136 156
137 165
137 138
137 170
137 147
137 196
137 146
137 505
137 509
137 202
137 510
137 171
137 193
137 140
137 511
137 272
137 546
137 194
137 167
137 168
137 139
137 141
137 192
137 142
137 143
138 145
138 166
138 159
138 139
138 192
138 193
138 194
138 140
138 195
138 196
138 197
138 198
138 199
138 200
138 141
138 201
138 142
138 202
138 167
138 173
139 145
139 165
139 147
139 169
139 505
139 172
139 509
139 510
139 171
139 195
139 193
139 140
139 513
139 144
139 197
139 555
139 567
139 547
139 251
139 167
139 168
139 143
139 173
139 192
139 141
139 142
139 166
140 165
140 147
140 146
140 193
140 511
140 192
140 168
140 197
140 512
141 145
141 165
141 147
141 146
141 505
141 509
141 171
141 195
141 201
141 144
141 511
141 197
141 555
141 194
141 512
141 497
141 251
141 167
141 168
141 173
141 192
141 166
142 167
142 173
143 168
143 166
143 173
144 440
144 166
144 545
144 441
144 194
144 168
144 192
145 146
145 147
146 165
146 170
146 167
146 168
146 173
146 201
146 505
146 166
147 196
147 202
147 193
147 166
147 172
148 176
148 278
148 503
149 157
149 150
150 185
150 157
150 158
150 159
150 160
150 151
150 152
150 155
150 153
150 280
150 162
150 154
150 271
150 164
150 156
150 276
150 161
150 274
150 189
150 163
151 158
151 159
151 230
151 327
151 302
151 500
151 190
151 517
151 259
151 518
151 164
151 276
151 162
151 315
151 296
151 307
151 313
151 300
151 515
151 387
151 291
151 306
151 285
151 295
151 321
151 484
151 583
151 273
151 297
151 153
151 156
151 584
151 287
151 220
151 253
151 186
151 255
151 274
151 154
151 579
151 301
151 231
151 293
151 577
151 590
151 580
151 519
151 303
151 591
151 588
151 205
151 311
151 226
151 450
151 581
151 257
151 474
151 254
151 594
151 284
151 286
151 578
151 203
151 288
151 221
151 222
151 223
151 224
151 566
151 152
151 225
151 188
151 189
151 298
151 161
151 299
151 227
151 523
151 155
151 527
151 271
151 187
151 163
151 587
151 305
151 280
151 589
151 521
151 524
151 275
151 308
151 228
151 229
152 158
152 159
152 160
152 230
152 516
152 517
152 259
152 518
152 315
152 484
152 583
152 297
152 153
152 156
152 584
152 287
152 220
152 582
152 186
152 255
152 274
152 154
152 579
152 301
152 231
152 293
152 519
152 303
152 588
152 593
152 205
152 311
152 226
152 474
152 308
152 257
152 222
152 284
152 566
152 298
152 271
152 221
152 280
152 523
152 252
152 521
152 187
152 288
152 586
152 587
152 594
152 524
152 576
152 254
152 155
152 163
152 286
152 228
152 161
152 299
152 227
152 575
152 275
152 203
152 189
152 581
152 589
153 159
153 517
153 522
153 259
153 164
153 276
153 162
153 484
153 583
153 273
153 297
153 581
153 586
153 257
153 474
153 582
153 286
153 203
153 288
153 186
153 221
153 205
153 255
153 154
153 293
153 189
153 231
153 298
153 161
153 523
153 155
153 271
153 187
153 301
153 163
153 587
153 280
153 519
153 156
153 521
153 274
153 524
153 275
153 308
153 311
153 588
153 579
153 287
153 284
153 576
153 226
153 252
153 299
153 227
153 303
153 589
153 228
154 158
154 159
154 230
154 372
154 500
154 514
154 190
154 517
154 259
154 518
154 164
154 276
154 162
154 315
154 296
154 307
154 313
154 290
154 300
154 515
154 180
154 387
154 291
154 480
154 285
154 295
154 321
154 314
154 583
154 297
154 156
154 584
154 287
154 220
154 585
154 186
154 255
154 274
154 203
154 231
154 155
154 187
154 299
154 257
154 205
154 188
154 161
154 189
154 581
154 474
154 594
154 284
154 286
154 578
154 288
154 221
154 450
154 222
154 224
154 293
154 566
154 225
154 226
154 298
154 227
154 523
154 590
154 527
154 271
154 301
154 163
154 303
154 577
154 305
154 280
154 519
154 580
154 589
154 521
154 524
154 275
154 308
154 311
154 228
154 588
154 229
155 185
155 157
155 204
155 158
155 159
155 160
155 230
155 289
155 312
155 327
155 265
155 191
155 190
155 517
155 259
155 518
155 164
155 276
155 162
155 315
155 307
155 313
155 290
155 300
155 181
155 175
155 180
155 291
155 565
155 321
155 322
155 361
155 484
155 583
155 273
155 297
155 156
155 584
155 287
155 220
155 582
155 253
155 186
155 255
155 274
155 301
155 231
155 293
155 595
155 577
155 590
155 580
155 519
155 304
155 303
155 591
155 588
155 593
155 205
155 311
155 226
155 474
155 229
155 308
155 257
155 222
155 284
155 188
155 566
155 298
155 271
155 527
155 221
155 280
155 309
155 521
155 187
155 288
155 586
155 305
155 578
155 587
155 594
155 524
155 576
155 254
155 581
155 286
155 203
155 225
155 189
155 161
155 299
155 227
155 163
155 589
155 275
155 228
155 575
155 223
155 224
155 592
156 158
156 159
156 289
156 517
156 259
156 164
156 276
156 162
156 313
156 272
156 273
156 297
156 203
156 231
156 271
156 187
156 163
156 257
156 474
156 255
156 220
156 205
156 161
156 274
156 252
156 298
156 590
156 581
156 582
156 286
156 287
156 186
156 293
156 189
156 299
156 227
156 523
156 301
156 303
156 587
156 280
156 519
156 524
156 275
156 308
156 588
156 585
157 185
157 203
157 187
157 186
157 188
157 204
157 158
157 159
157 160
157 205
157 206
158 185
158 204
158 206
158 181
158 203
158 186
158 205
158 188
158 231
158 187
158 254
158 162
158 255
158 256
158 190
158 189
158 191
158 159
158 160
158 257
158 258
158 259
158 260
158 161
158 261
158 180
158 210
158 262
158 263
158 264
158 265
158 266
158 267
158 268
158 164
158 269
158 270
158 310
158 302
159 271
159 272
159 259
159 273
159 164
159 160
159 161
159 274
159 275
159 162
159 163
159 276
160 161
161 230
161 191
161 162
161 583
161 297
161 584
161 287
161 220
161 582
161 186
161 255
161 274
161 301
161 231
161 293
161 577
161 590
161 519
161 304
161 303
161 591
161 588
161 205
161 311
161 474
161 229
161 308
161 257
161 222
161 284
161 188
161 566
161 298
161 271
161 221
161 280
161 309
161 252
161 521
161 187
161 288
161 586
161 305
161 594
161 524
161 576
161 254
161 163
161 286
161 228
161 299
161 203
161 581
161 575
161 225
161 189
161 227
161 589
161 275
161 484
161 592
162 185
162 327
162 328
162 517
162 522
162 259
162 518
162 520
162 515
162 203
162 231
162 187
162 257
162 205
162 292
162 293
162 189
162 315
162 303
162 274
162 450
162 285
162 313
162 255
162 265
162 220
162 287
162 297
162 301
162 308
162 474
162 286
162 252
162 298
162 519
162 295
162 306
162 204
163 274
163 271
163 524
164 517
164 259
164 518
164 280
164 257
164 274
164 308
164 520
165 166
165 167
165 168
165 169
165 170
165 171
165 172
165 173
166 170
166 509
166 197
166 194
166 567
166 167
166 192
167 196
167 171
167 513
167 511
167 197
167 192
167 199
168 170
168 510
168 511
168 548
168 568
168 194
168 440
168 441
168 550
168 251
168 173
170 201
170 173
170 172
171 192
171 173
171 200
173 511
173 194
173 192
174 175
174 176
174 177
174 178
174 179
174 180
174 181
174 182
174 183
174 184
175 348
175 372
175 289
175 378
175 260
175 179
175 493
175 426
175 328
175 265
175 256
175 345
175 177
175 369
175 320
175 333
175 356
175 181
175 344
175 178
175 540
175 438
175 359
175 537
175 535
175 361
175 439
175 536
175 262
175 453
175 317
175 319
175 363
175 497
175 318
175 251
175 529
175 442
175 377
175 357
175 477
175 180
175 362
175 291
175 534
175 494
175 441
175 495
175 176
176 339
176 348
176 364
176 179
176 493
176 177
176 369
176 320
176 333
176 356
176 367
176 181
176 344
176 178
176 535
176 537
176 439
176 536
176 495
176 540
176 438
176 359
176 453
176 477
176 361
176 180
176 362
176 496
176 318
176 503
176 363
176 377
176 534
176 502
176 317
176 319
177 348
177 364
177 316
177 179
177 493
177 426
177 359
177 180
177 278
177 181
177 178
177 535
177 361
177 369
177 317
177 320
177 318
177 344
177 319
177 439
177 363
177 333
177 534
177 356
177 494
177 536
177 453
177 537
178 258
178 339
178 348
178 364
178 376
178 372
178 261
178 260
178 316
178 179
178 426
178 328
178 265
178 350
178 256
178 369
178 320
178 356
178 181
178 344
178 357
178 278
178 494
178 262
178 180
178 362
178 333
178 496
178 363
179 258
179 376
179 375
179 372
179 261
179 378
179 260
179 316
179 310
179 331
179 262
179 359
179 356
179 265
179 328
179 426
179 495
179 494
179 344
179 256
179 496
179 467
179 181
179 263
179 355
179 497
179 490
179 369
179 180
179 476
179 362
179 320
179 493
179 327
179 363
179 333
179 377
180 258
180 339
180 348
180 364
180 372
180 261
180 312
180 475
180 378
180 260
180 316
180 493
180 490
180 476
180 426
180 263
180 327
180 355
180 328
180 270
180 265
180 350
180 256
180 183
180 369
180 320
180 333
180 356
180 367
180 181
180 344
180 363
180 318
180 319
180 534
180 317
180 278
180 359
180 535
180 361
180 187
180 262
180 537
180 495
180 494
180 251
180 540
180 438
180 541
180 497
180 453
180 477
180 362
180 291
180 496
180 439
180 529
180 442
180 377
180 489
180 550
180 441
180 536
181 258
181 372
181 261
181 331
181 493
181 426
181 263
181 327
181 265
181 310
181 350
181 256
181 369
181 320
181 333
181 356
181 496
181 278
181 495
181 494
181 344
181 262
181 359
181 361
181 362
181 363
181 467
182 339
182 434
182 343
182 336
182 337
182 469
182 429
182 433
182 256
182 183
182 503
182 335
182 502
182 362
183 334
183 339
183 348
183 362
183 335
183 345
183 358
183 333
184 339
184 379
184 312
184 265
184 310
184 357
184 262
184 246
184 362
185 186
185 187
185 188
185 189
185 190
185 191
186 300
186 321
186 583
186 297
186 584
186 287
186 220
186 253
186 575
186 254
186 594
186 284
186 576
186 578
186 203
186 288
186 591
186 221
186 205
186 255
186 223
186 224
186 595
186 293
186 566
186 188
186 226
186 189
186 592
186 231
186 299
186 590
186 527
186 271
186 187
186 301
186 593
186 303
186 304
186 305
186 280
186 580
186 589
186 308
186 309
186 311
186 229
186 257
186 225
186 274
186 298
186 474
186 579
187 204
187 289
187 263
187 327
187 270
187 265
187 310
187 302
187 191
187 445
187 190
187 290
187 300
187 565
187 321
187 282
187 322
187 297
187 287
187 220
187 253
187 255
187 274
187 301
187 231
187 293
187 595
187 577
187 590
187 580
187 519
187 304
187 303
187 591
187 593
187 205
187 311
187 474
187 229
187 308
187 257
187 284
187 188
187 566
187 298
187 271
187 527
187 280
187 309
187 252
187 262
187 575
187 254
187 594
187 576
187 286
187 578
187 203
187 288
187 223
187 224
187 189
187 592
187 299
187 305
187 589
188 230
188 282
188 583
188 297
188 584
188 287
188 220
188 253
188 255
188 579
188 301
188 231
188 293
188 577
188 590
188 580
188 304
188 303
188 591
188 205
188 311
188 226
188 229
188 308
188 257
188 222
188 284
188 299
188 203
188 288
188 223
188 527
188 589
188 189
188 305
188 594
188 576
188 578
188 221
188 224
188 566
188 225
188 592
188 298
188 309
188 252
189 289
189 445
189 294
189 190
189 259
189 315
189 307
189 313
189 300
189 291
189 285
189 321
189 282
189 314
189 574
189 583
189 297
189 584
189 287
189 220
189 255
189 274
189 579
189 301
189 231
189 293
189 595
189 577
189 590
189 519
189 304
189 303
189 591
189 593
189 205
189 474
189 308
189 257
189 222
189 284
189 298
189 280
189 309
189 252
189 288
189 305
189 594
189 576
189 254
189 286
189 299
189 575
189 203
189 589
189 592
190 191
190 294
190 203
190 231
190 257
190 255
190 315
190 205
190 293
190 308
190 286
190 252
190 290
191 204
191 327
191 450
191 231
191 203
191 445
191 285
191 255
191 321
191 281
191 315
191 257
191 220
191 205
191 301
191 287
191 308
191 286
191 252
191 295
191 306
191 266
191 382
191 269
192 195
192 513
192 198
192 200
192 199
193 201
194 510
194 195
194 198
194 200
194 251
194 551
194 567
194 512
194 440
197 198
197 546
197 200
197 199
198 542
198 543
198 272
198 545
198 544
198 200
198 553
198 199
198 440
198 441
199 542
199 543
199 544
199 272
199 200
199 546
199 545
199 440
199 441
199 251
199 205
200 542
200 543
200 552
200 251
200 546
200 440
200 441
200 545
201 510
203 230
203 289
203 265
203 302
203 259
203 276
203 296
203 307
203 290
203 300
203 515
203 387
203 291
203 281
203 565
203 321
203 282
203 457
203 322
203 574
203 583
203 297
203 584
203 287
203 220
203 253
203 255
203 274
203 579
203 301
203 231
203 293
203 595
203 577
203 590
203 580
203 519
203 304
203 303
203 591
203 593
203 205
203 311
203 226
203 474
203 229
203 308
203 257
203 284
203 566
203 298
203 271
203 527
203 221
203 280
203 309
203 252
203 288
203 305
203 578
203 594
203 524
203 576
203 254
203 286
203 299
203 575
203 223
203 224
203 225
203 592
203 589
204 206
205 230
205 259
205 518
205 290
205 300
205 291
205 321
205 574
205 583
205 297
205 584
205 287
205 220
205 253
205 255
205 274
205 301
205 231
205 293
205 595
205 577
205 590
205 580
205 519
205 304
205 303
205 591
205 593
205 299
205 257
205 271
205 280
205 575
205 474
205 254
205 594
205 284
205 576
205 286
205 578
205 288
205 221
205 222
205 223
205 224
205 566
205 225
205 226
205 252
205 592
205 298
205 227
205 527
205 305
205 589
205 308
205 309
205 311
205 228
205 229
206 252
206 253
207 208
207 209
207 210
207 211
207 212
207 213
207 214
207 215
207 216
207 217
207 218
207 219
208 232
208 258
208 346
208 434
208 343
208 460
208 341
208 462
208 464
208 456
208 340
208 470
208 465
208 435
208 432
208 338
208 479
208 216
208 459
208 336
208 337
208 393
208 289
208 430
208 471
208 423
208 469
208 360
208 478
208 421
208 394
208 242
208 401
208 263
208 214
208 241
208 427
208 327
208 210
208 397
208 399
208 402
208 250
208 247
208 413
208 264
208 269
208 266
208 267
208 468
208 382
208 328
208 234
208 235
208 213
208 433
208 238
208 256
208 417
208 424
208 461
208 454
209 232
209 346
209 460
209 462
209 340
209 470
209 338
209 479
209 216
209 336
209 393
209 289
209 466
209 430
209 240
209 263
209 234
209 235
209 468
209 327
209 402
209 247
209 413
209 401
209 492
209 433
210 232
210 346
210 343
210 460
210 341
210 462
210 464
210 456
210 340
210 470
210 465
210 435
210 432
210 338
210 479
210 216
210 459
210 336
210 337
210 393
210 289
210 466
210 430
210 471
210 423
210 469
210 429
210 428
210 419
210 312
210 405
210 360
210 478
210 421
210 492
210 260
210 394
210 401
210 263
210 241
210 427
210 327
210 265
210 234
210 235
210 417
210 468
210 213
210 454
210 267
210 402
210 247
210 249
210 326
210 266
210 382
210 269
210 250
210 256
210 328
210 264
210 355
210 238
211 232
211 346
211 460
211 216
211 289
211 354
211 263
211 250
211 413
211 468
211 355
211 391
211 265
211 414
211 406
211 243
211 234
211 235
211 212
211 213
211 418
211 332
211 244
211 249
211 412
211 328
211 270
211 448
211 350
212 232
212 346
212 460
212 216
212 419
212 214
212 327
212 267
212 468
212 218
212 265
212 391
212 234
212 213
212 418
212 461
212 244
212 249
212 412
212 235
212 385
212 414
212 448
212 256
212 328
213 232
213 346
213 460
213 479
213 216
213 336
213 289
213 423
213 419
213 451
213 452
213 405
213 478
213 421
213 245
213 263
213 241
213 327
213 250
213 247
213 413
213 264
213 267
213 468
213 236
213 237
213 215
213 355
213 415
213 218
213 233
213 417
213 454
213 392
213 424
213 425
213 436
213 350
214 232
214 346
214 460
214 341
214 408
214 470
214 338
214 216
214 336
214 337
214 289
214 419
214 452
214 405
214 245
214 233
214 415
214 234
214 417
214 468
214 454
214 241
214 332
214 244
214 215
214 218
214 455
214 349
214 397
215 232
215 346
215 343
215 460
215 216
215 423
215 421
215 426
215 398
215 388
215 236
215 400
215 237
215 262
215 265
215 502
215 234
215 244
215 424
215 345
215 350
215 355
216 232
216 334
216 339
216 343
216 460
216 341
216 408
216 462
216 437
216 458
216 436
216 233
216 262
216 263
216 415
216 234
216 416
216 235
216 264
216 417
216 355
216 236
216 237
216 289
216 336
216 238
216 239
216 454
216 240
216 404
216 418
216 478
216 241
216 396
216 419
216 451
216 461
216 242
216 327
216 463
216 332
216 267
216 466
216 421
216 393
216 350
216 398
216 243
216 452
216 244
216 422
216 245
216 399
216 400
216 246
216 423
216 402
216 247
216 430
216 248
216 413
216 383
216 433
216 217
216 469
216 414
216 249
216 250
216 392
216 424
216 405
216 427
216 219
216 335
216 347
216 397
216 467
216 401
216 395
216 403
216 266
216 385
216 268
216 394
217 232
217 346
217 434
217 343
217 460
217 462
217 456
217 340
217 470
217 338
217 479
217 393
217 289
217 466
217 430
217 240
217 256
217 246
217 433
217 263
217 234
217 235
217 468
217 454
217 327
217 244
217 402
217 247
217 413
217 250
217 326
217 265
217 328
217 264
217 382
217 448
218 346
218 460
218 336
218 419
218 468
218 234
218 235
218 417
218 454
218 418
218 461
218 332
218 244
218 414
218 249
218 424
219 232
219 346
219 460
219 289
219 423
219 312
219 478
219 421
219 422
219 407
219 468
219 267
220 230
220 530
220 574
220 297
220 584
220 257
220 231
220 254
220 284
220 286
220 255
220 222
220 566
220 298
220 299
220 301
220 303
220 577
220 305
220 274
220 308
220 311
221 530
221 599
221 257
221 252
222 516
222 287
222 599
222 311
222 308
222 257
222 286
223 231
223 599
223 257
224 530
224 287
224 255
224 579
224 599
224 257
224 284
224 252
224 286
225 530
225 255
225 599
225 257
226 585
226 579
226 257
226 286
226 308
226 252
227 484
227 585
227 274
227 579
227 308
227 257
227 271
227 252
227 286
228 585
228 274
228 579
228 231
228 308
228 257
228 252
229 530
229 255
229 599
229 257
230 257
231 263
231 327
231 328
231 265
231 302
231 445
231 500
231 514
231 294
231 259
231 315
231 296
231 307
231 313
231 290
231 300
231 515
231 560
231 504
231 506
231 525
231 387
231 291
231 507
231 444
231 447
231 306
231 501
231 480
231 285
231 498
231 499
231 295
231 281
231 283
231 565
231 321
231 282
231 457
231 322
231 314
231 584
231 287
231 301
231 450
231 257
231 254
231 594
231 284
231 286
231 578
231 288
231 559
231 293
231 566
231 564
231 299
231 590
231 303
231 577
231 280
231 589
231 308
231 311
232 233
232 234
232 235
232 236
232 237
232 238
232 239
232 240
232 241
232 242
232 243
232 244
232 245
232 246
232 247
232 248
232 249
232 250
233 346
233 460
233 341
233 336
233 289
233 469
233 478
233 421
233 327
233 468
233 391
233 414
233 234
233 235
233 417
233 454
233 244
233 249
233 265
233 328
233 350
234 339
234 346
234 460
234 408
234 336
234 289
234 423
234 404
234 419
234 451
234 312
234 405
234 478
234 421
234 240
234 239
234 260
234 245
234 354
234 394
234 263
234 241
234 327
234 402
234 250
234 247
234 413
234 468
234 396
234 400
234 237
234 355
234 415
234 248
234 406
234 243
234 262
234 417
234 332
234 246
234 392
234 424
234 425
234 350
234 353
234 455
234 349
235 339
235 261
235 346
235 336
235 289
235 423
235 419
235 405
235 260
235 354
235 394
235 407
235 263
235 241
235 327
235 250
235 413
235 264
235 266
235 468
235 415
235 248
235 406
235 243
235 431
235 436
235 265
235 332
235 424
235 425
235 350
236 346
236 434
236 479
236 336
236 289
236 423
236 326
236 262
237 346
237 460
237 470
237 336
237 289
237 423
237 451
237 405
237 421
237 398
237 267
237 262
237 454
237 249
237 392
237 424
238 346
238 460
238 341
238 462
238 464
238 340
238 470
238 465
238 432
238 338
238 479
238 459
238 336
238 337
238 393
238 289
238 466
238 430
238 468
238 326
238 454
238 427
238 256
239 346
239 460
239 336
239 420
239 260
239 263
239 468
239 267
239 382
239 244
240 346
240 343
240 340
240 470
240 338
240 479
240 393
240 289
240 430
240 433
240 263
240 327
240 244
240 401
240 265
240 328
240 448
240 492
240 382
240 326
241 346
241 343
241 460
241 340
241 470
241 435
241 432
241 338
241 479
241 336
241 337
241 289
241 401
241 263
241 327
241 267
241 244
241 250
241 397
241 256
241 328
241 402
242 346
242 289
242 263
242 327
242 413
243 261
243 263
243 327
243 413
243 264
243 267
243 382
243 383
243 391
243 414
243 270
243 448
243 265
243 385
243 244
243 249
243 406
243 412
243 328
243 418
244 346
244 460
244 340
244 470
244 338
244 336
244 289
244 469
244 404
244 419
244 478
244 421
244 245
244 354
244 263
244 327
244 250
244 413
244 468
244 355
244 415
244 248
244 406
244 265
244 332
244 424
244 350
245 346
245 460
245 336
245 337
245 289
245 260
245 267
245 269
245 264
245 266
245 327
245 328
245 268
245 382
245 468
245 413
245 390
245 263
245 256
245 326
245 383
246 339
246 460
246 408
246 449
246 479
246 336
246 289
246 423
246 469
246 429
246 428
246 312
246 360
246 426
246 263
246 268
246 388
246 355
246 431
246 328
246 270
246 265
246 310
246 332
246 436
246 357
246 262
246 392
247 346
247 460
247 289
247 263
247 327
247 250
247 413
248 346
248 460
248 414
248 270
248 265
248 391
248 249
248 406
248 328
249 346
249 460
249 336
249 289
249 423
249 421
249 260
249 263
249 250
249 468
249 355
249 415
249 406
249 332
249 425
249 436
249 350
249 353
249 455
249 349
250 346
250 460
250 336
250 337
250 289
250 492
250 260
250 394
250 401
250 327
250 397
250 402
250 265
250 256
250 468
250 267
250 413
250 382
250 425
250 350
250 455
250 349
251 348
251 443
251 320
251 356
251 344
251 363
251 318
251 319
251 534
251 278
251 272
251 540
251 359
251 453
251 548
251 552
251 541
251 477
251 361
251 568
251 438
251 535
251 439
251 442
251 567
251 440
251 441
251 550
251 569
251 572
251 557
251 547
251 538
251 497
251 549
251 570
251 551
251 571
251 539
251 531
251 529
251 532
251 489
251 556
251 333
252 517
252 574
252 484
252 583
252 297
252 584
252 287
252 255
252 274
252 579
252 301
252 590
252 519
252 304
252 303
252 588
252 593
252 311
252 474
252 308
252 257
252 284
252 566
252 271
252 280
252 523
252 581
252 575
252 254
252 594
252 576
252 286
252 578
252 288
252 592
252 299
252 305
252 589
252 521
252 524
252 587
253 257
253 286
253 255
254 321
254 255
254 301
254 303
254 311
254 257
254 527
254 305
254 286
255 445
255 500
255 514
255 294
255 315
255 307
255 313
255 300
255 285
255 499
255 295
255 565
255 321
255 282
255 322
255 314
255 574
255 297
255 287
255 311
255 257
255 474
255 595
255 593
255 303
255 577
255 286
255 579
255 298
255 299
255 575
255 284
255 576
255 288
255 293
255 566
255 301
255 308
256 258
256 261
256 384
256 340
256 458
256 435
256 432
256 289
256 312
256 260
256 395
256 446
256 401
256 263
256 327
256 402
256 413
256 264
256 269
256 416
256 409
256 473
256 267
256 268
256 326
256 382
256 388
256 355
256 415
256 406
256 431
256 270
256 265
256 385
256 412
256 310
256 332
256 350
256 262
256 357
256 345
256 351
256 320
256 356
257 372
257 289
257 378
257 327
257 265
257 302
257 445
257 500
257 514
257 294
257 517
257 259
257 518
257 276
257 315
257 296
257 307
257 313
257 290
257 300
257 515
257 504
257 387
257 291
257 306
257 480
257 285
257 295
257 565
257 321
257 282
257 322
257 574
257 583
257 297
257 584
257 287
257 585
257 274
257 579
257 301
257 293
257 595
257 577
257 590
257 580
257 519
257 304
257 303
257 591
257 588
257 593
257 311
257 474
257 308
257 309
257 581
257 575
257 594
257 284
257 576
257 286
257 578
257 288
257 566
257 592
257 298
257 299
257 527
257 271
257 305
257 280
257 589
257 524
257 275
257 450
257 521
258 267
258 323
258 263
258 324
258 264
258 260
258 325
258 265
258 326
258 266
258 327
258 328
258 268
258 329
258 330
258 331
258 269
258 261
258 332
258 333
258 320
259 327
259 500
259 514
259 517
259 522
259 285
259 292
259 518
259 519
259 276
259 307
259 275
259 520
259 450
259 291
259 295
259 315
259 313
259 306
259 480
259 474
259 280
260 339
260 329
260 330
260 376
260 323
260 372
260 261
260 482
260 374
260 389
260 373
260 324
260 492
260 390
260 263
260 266
260 420
260 269
260 331
260 264
260 370
260 325
260 265
260 411
260 291
260 320
260 371
260 327
260 267
260 328
260 268
260 382
260 383
260 414
260 356
261 329
261 330
261 323
261 331
261 267
261 265
261 328
261 266
261 382
261 320
261 263
261 345
261 324
261 264
261 325
261 344
261 327
261 333
261 268
261 383
261 269
261 270
261 384
261 332
261 385
262 339
262 336
262 289
262 312
262 354
262 394
262 426
262 398
262 395
262 446
262 263
262 327
262 269
262 266
262 267
262 382
262 388
262 396
262 400
262 355
262 328
262 270
262 265
262 310
262 332
262 350
262 335
262 436
262 345
262 455
262 496
263 339
263 329
263 346
263 434
263 343
263 341
263 462
263 456
263 340
263 432
263 338
263 479
263 336
263 337
263 393
263 289
263 471
263 423
263 469
263 428
263 404
263 451
263 452
263 312
263 360
263 421
263 492
263 325
263 394
263 395
263 407
263 401
263 450
263 285
263 265
263 391
263 357
263 355
263 468
263 397
263 402
263 413
263 414
263 392
263 424
263 427
263 264
263 406
263 412
263 418
263 455
263 326
263 266
263 327
263 332
263 267
263 328
263 385
263 268
263 382
263 350
263 269
263 310
263 270
263 317
263 319
263 291
263 425
264 346
264 289
264 327
264 413
264 388
264 265
264 326
264 266
264 268
264 382
264 383
264 267
264 328
264 473
264 409
264 412
264 431
264 270
265 339
265 329
265 348
265 376
265 435
265 338
265 337
265 289
265 404
265 312
265 360
265 443
265 316
265 331
265 354
265 394
265 395
265 446
265 401
265 327
265 269
265 266
265 267
265 268
265 420
265 382
265 383
265 355
265 415
265 406
265 431
265 328
265 414
265 418
265 391
265 448
265 270
265 310
265 436
265 450
265 345
265 453
265 361
265 412
265 387
265 291
265 320
265 344
265 372
265 332
265 385
265 350
265 356
265 353
265 357
265 477
265 292
265 392
265 349
266 329
266 384
266 289
266 360
266 390
266 446
266 327
266 413
266 269
266 416
266 409
266 473
266 412
266 326
266 420
266 267
266 328
266 382
266 383
266 270
266 332
266 268
266 406
266 388
266 335
267 339
267 329
267 384
267 346
267 336
267 289
267 478
267 491
267 488
267 390
267 327
267 413
267 269
267 416
267 409
267 473
267 388
267 383
267 326
267 328
267 382
267 310
267 270
267 406
267 332
267 424
268 384
268 408
268 462
268 340
268 465
268 435
268 338
268 336
268 337
268 393
268 289
268 430
268 469
268 429
268 312
268 360
268 327
268 269
268 416
268 409
268 473
268 310
268 326
268 382
268 383
268 270
268 357
268 350
268 385
268 431
269 329
269 289
269 327
269 413
269 326
269 382
269 473
269 332
269 383
269 270
269 328
269 409
270 435
270 432
270 338
270 336
270 289
270 354
270 395
270 401
270 327
270 326
270 382
270 406
270 431
270 436
270 385
270 310
271 484
271 273
271 297
271 582
271 274
271 588
271 311
271 523
271 280
271 521
271 275
271 586
271 587
271 524
271 581
272 511
272 543
272 553
272 545
272 497
272 546
272 441
272 440
273 484
273 521
273 524
273 280
274 517
274 276
274 484
274 583
274 297
274 584
274 582
274 585
274 299
274 280
274 581
274 586
274 474
274 284
274 286
274 293
274 523
274 303
274 587
274 519
274 521
274 524
274 275
274 308
274 588
274 592
274 593
275 517
275 276
275 484
275 579
275 521
275 524
276 517
276 518
276 521
276 280
276 520
277 278
277 279
278 493
278 394
278 355
278 350
278 436
278 358
278 369
278 320
278 356
278 344
278 363
278 540
278 453
278 455
278 279
278 503
278 442
278 342
278 538
279 357
279 502
280 484
280 583
280 297
280 582
280 579
280 519
280 588
280 593
280 474
280 308
280 284
280 286
280 587
280 589
280 521
280 581
280 299
280 524
281 445
281 294
281 283
281 321
281 322
282 315
282 285
282 457
282 286
283 294
283 291
283 314
283 322
284 574
284 297
284 287
284 579
284 301
284 519
284 303
284 311
284 474
284 308
284 286
284 578
284 593
284 288
284 566
284 299
285 327
285 445
285 500
285 315
285 307
285 313
285 292
285 387
285 291
285 306
285 501
285 480
285 450
285 498
285 457
285 295
285 564
285 499
285 321
286 300
286 321
286 297
286 584
286 287
286 579
286 301
286 293
286 590
286 519
286 304
286 303
286 591
286 593
286 311
286 474
286 308
286 566
286 298
286 527
286 288
286 305
286 578
286 594
286 576
286 581
286 575
286 592
286 299
286 589
287 574
287 297
287 575
287 474
287 576
287 578
287 288
287 591
287 293
287 298
287 299
287 527
287 577
287 304
287 305
287 589
287 308
287 309
287 311
288 484
288 303
288 311
288 308
288 305
288 587
289 346
289 460
289 456
289 340
289 470
289 465
289 458
289 435
289 432
289 338
289 449
289 479
289 459
289 336
289 436
289 335
289 401
289 355
289 406
289 395
289 391
289 327
289 328
289 385
289 422
289 402
289 448
289 312
289 416
289 417
289 468
289 454
289 404
289 419
289 451
289 461
289 463
289 332
289 382
289 350
289 452
289 399
289 423
289 413
289 392
289 424
289 405
290 294
290 292
290 300
290 311
291 378
291 389
291 327
291 328
291 445
291 315
291 558
291 560
291 504
291 506
291 559
291 561
291 525
291 483
291 387
291 507
291 444
291 563
291 447
291 450
291 295
291 480
291 371
291 306
292 389
292 327
292 328
292 445
292 315
292 313
292 450
292 300
292 526
292 480
292 295
293 574
293 297
293 584
293 579
293 303
293 305
293 311
294 302
294 445
294 457
294 300
294 314
294 322
294 315
295 327
295 445
295 315
295 307
295 313
295 387
295 507
295 306
295 501
295 480
295 498
295 499
295 564
295 450
296 315
296 307
296 313
297 484
297 584
297 585
297 298
297 299
297 308
297 311
297 581
297 579
298 311
298 308
298 299
298 305
299 584
299 585
299 579
299 311
299 474
299 308
300 302
300 315
300 527
301 584
301 579
301 303
301 308
301 311
301 305
302 445
302 321
303 574
303 584
303 579
303 311
303 308
304 311
305 574
305 595
305 593
305 308
306 327
306 315
306 558
306 387
306 447
306 450
306 501
306 480
307 327
307 445
307 500
307 514
307 315
307 313
308 583
308 585
308 579
308 519
308 311
309 599
310 339
310 451
310 312
310 378
310 316
310 394
310 426
310 327
310 388
310 355
310 328
310 385
310 357
310 345
310 359
310 350
310 342
310 502
310 425
310 392
310 349
311 315
311 321
311 574
311 584
311 579
311 595
311 519
311 591
311 593
311 566
311 527
311 575
311 594
311 474
311 576
311 592
311 589
311 578
312 346
312 408
312 340
312 336
312 469
312 428
312 404
312 419
312 451
312 452
312 391
312 357
312 394
312 403
312 345
312 395
312 446
312 355
312 426
312 349
312 327
312 328
312 350
312 392
312 405
312 468
312 478
312 421
313 500
313 514
313 315
313 515
313 498
313 501
313 499
313 480
313 327
314 315
314 526
314 457
315 327
315 445
315 500
315 514
315 517
315 518
315 504
315 498
315 506
315 457
315 450
315 387
315 501
315 525
315 499
315 507
315 444
315 321
315 322
315 480
316 370
316 330
316 376
316 375
316 372
316 371
316 378
316 374
316 487
316 389
316 373
316 486
316 324
316 320
316 359
316 361
316 490
316 369
316 476
316 411
316 380
316 493
316 344
316 363
316 377
316 356
316 494
317 328
317 358
317 369
317 320
317 333
317 356
317 344
317 363
317 318
317 319
317 534
318 348
318 369
318 320
318 333
318 356
318 363
318 319
318 534
318 453
318 359
318 477
318 361
319 364
319 369
319 320
319 333
319 356
319 344
319 363
319 361
319 328
319 534
320 339
320 378
320 331
320 493
320 327
320 328
320 369
320 477
320 359
320 537
320 361
320 538
320 496
320 344
320 497
320 539
320 495
320 494
320 356
320 377
320 453
320 467
320 534
320 365
320 438
320 366
320 439
320 363
320 333
320 364
320 329
320 367
320 368
321 445
321 565
321 566
321 527
321 322
321 523
322 445
322 565
322 457
323 370
323 330
323 376
323 325
323 371
323 372
323 324
323 374
323 373
323 377
324 370
324 330
324 372
324 371
324 325
324 377
325 370
325 330
325 376
325 372
325 482
325 378
325 374
325 492
325 327
325 328
326 329
326 384
326 390
326 395
326 446
326 416
326 409
326 473
326 420
326 382
326 383
326 388
326 400
327 339
327 329
327 376
327 372
327 346
327 340
327 435
327 336
327 337
327 423
327 419
327 389
327 492
327 331
327 394
327 401
327 427
327 463
327 450
327 498
327 499
327 355
327 468
327 406
327 332
327 402
327 412
327 387
327 500
327 501
327 391
327 397
327 328
327 382
327 413
327 383
327 414
327 480
327 350
327 384
327 445
327 447
327 425
328 339
328 348
328 354
328 394
328 426
328 401
328 382
328 388
328 355
328 415
328 406
328 431
328 436
328 345
328 356
328 357
328 483
328 443
328 467
328 385
328 350
328 363
328 442
329 333
330 370
330 376
330 371
331 384
331 496
331 332
332 339
332 462
332 456
332 340
332 470
332 338
332 479
332 459
332 336
332 423
332 419
332 405
332 478
332 421
332 426
332 382
332 355
332 406
332 414
332 391
332 461
332 386
333 339
333 364
333 493
333 369
333 496
333 356
333 363
333 344
333 365
333 366
333 368
333 367
333 497
334 335
334 336
334 337
334 338
334 339
334 340
335 339
335 341
335 382
335 383
336 339
336 415
336 406
336 419
336 463
336 466
336 399
336 413
336 424
336 347
336 385
336 337
336 345
336 355
336 425
336 404
336 451
336 350
336 353
336 394
336 392
336 400
337 339
337 435
337 355
337 388
337 420
337 400
337 446
337 347
338 462
338 464
338 456
338 465
338 458
338 393
338 395
338 347
338 388
338 419
338 397
338 463
338 398
338 399
338 400
338 428
338 449
338 386
338 467
339 341
339 342
339 343
339 344
339 345
339 346
339 347
339 348
339 349
339 350
339 351
339 352
339 353
339 354
339 355
339 356
340 462
340 417
340 396
340 419
340 466
340 393
340 452
340 399
340 400
340 430
340 469
340 392
340 424
340 405
340 458
340 426
340 385
340 404
341 446
341 419
341 345
341 355
341 425
341 404
341 451
341 350
341 353
341 394
341 392
341 455
341 349
342 379
343 384
343 388
343 396
343 386
343 431
343 400
343 446
344 348
344 364
344 358
344 369
344 356
344 365
344 366
344 367
344 359
344 540
344 477
344 496
344 537
344 453
344 535
344 361
344 439
344 363
344 536
344 467
344 534
344 494
345 346
345 469
345 478
345 421
345 394
345 426
345 446
345 468
345 355
345 403
345 352
345 350
345 353
345 454
346 390
346 415
346 416
346 417
346 355
346 418
346 419
346 420
346 421
346 398
346 422
346 399
346 400
346 423
346 413
346 414
346 392
346 424
346 425
346 403
346 350
346 353
346 394
347 462
347 456
348 357
348 358
348 359
348 360
348 361
348 362
348 363
349 426
349 385
350 469
350 394
350 426
350 468
350 355
350 406
350 391
350 448
350 385
350 425
350 436
351 407
351 403
352 407
352 403
353 460
353 478
353 421
353 407
353 403
353 454
354 418
354 448
354 414
354 403
355 460
355 478
355 421
355 426
355 407
355 468
355 357
355 502
355 406
355 455
355 385
356 493
356 369
356 359
356 537
356 361
356 536
356 477
356 496
356 494
356 453
356 467
356 534
356 438
356 497
356 535
356 439
356 363
356 495
357 426
357 381
357 392
358 364
358 361
358 534
359 378
359 443
359 369
359 363
359 540
359 438
359 541
359 535
359 361
359 439
359 536
359 537
359 453
359 477
359 377
359 495
359 494
360 428
360 410
360 446
360 362
361 443
361 369
361 363
361 540
361 453
361 541
361 477
361 438
361 535
361 439
361 529
361 377
363 490
363 369
363 367
363 477
363 535
363 536
363 439
363 537
363 453
363 534
363 540
363 438
363 442
364 365
364 366
364 367
364 368
364 369
365 366
365 367
365 368
366 368
366 367
367 368
369 535
369 536
369 496
369 495
369 537
369 453
369 438
369 477
369 439
370 371
370 372
370 373
370 374
370 375
370 376
370 377
371 376
371 375
371 372
371 374
371 387
371 373
372 376
372 375
372 374
372 373
372 377
372 378
372 380
373 378
373 374
373 411
373 380
374 411
374 377
375 376
376 377
376 378
377 378
377 443
377 487
377 488
377 389
377 486
377 411
377 380
377 493
377 490
377 476
377 494
378 475
378 485
378 443
378 389
378 488
378 489
378 486
378 490
378 476
378 411
378 380
378 487
378 491
380 476
380 490
381 436
381 503
382 384
382 465
382 435
382 413
382 409
382 473
382 420
382 383
382 388
382 412
382 385
382 431
383 384
383 416
383 409
383 473
383 420
384 386
385 451
385 406
385 431
385 414
385 418
385 391
385 448
385 454
386 434
386 462
386 456
387 389
387 445
387 558
387 560
387 504
387 506
387 559
387 561
387 525
387 483
387 508
387 450
387 562
387 507
387 444
387 447
388 434
388 408
388 456
388 426
388 400
388 433
388 396
388 392
389 475
389 487
389 411
389 486
391 435
391 415
391 406
391 431
392 408
392 393
392 423
392 469
392 428
392 468
392 455
393 458
393 404
393 405
394 460
394 426
394 398
394 468
395 462
395 469
395 429
395 407
395 446
396 423
396 419
396 400
396 461
397 435
398 419
398 421
398 461
399 460
399 462
399 479
400 434
400 456
400 470
400 423
400 421
400 461
401 492
401 402
401 413
402 460
402 492
402 413
404 423
404 469
404 429
404 428
404 424
404 419
404 405
404 468
404 478
404 421
405 479
405 430
405 423
405 469
405 424
405 468
406 414
406 448
406 412
406 418
407 422
407 446
408 423
408 446
408 429
412 435
413 492
413 468
414 415
414 431
415 468
416 421
417 468
418 431
419 462
419 432
419 430
419 423
419 429
419 428
419 468
419 421
420 460
420 473
421 451
421 452
421 468
421 424
422 460
422 423
422 468
423 468
423 461
423 452
423 424
424 479
424 430
424 468
425 468
426 462
426 456
426 436
426 455
427 460
428 449
428 471
428 472
428 469
428 429
428 451
429 481
429 472
429 469
430 468
430 454
431 473
431 448
432 458
434 435
435 458
435 449
436 468
436 448
437 465
437 458
437 459
438 443
438 540
438 453
438 541
438 535
438 439
438 536
438 537
439 491
439 540
439 453
439 541
439 477
439 535
439 537
439 536
439 443
439 567
439 442
440 548
440 552
440 568
440 567
440 512
440 441
440 550
441 548
441 552
441 567
441 512
441 529
441 497
441 550
442 453
442 535
442 536
443 475
443 485
443 491
443 488
443 489
444 504
444 506
444 483
444 508
444 447
445 457
447 504
447 506
447 559
447 483
447 508
447 563
447 562
449 464
450 504
450 559
450 483
450 507
450 501
451 460
451 469
451 468
451 455
452 469
452 468
453 497
453 535
453 477
453 536
454 455
456 464
456 458
457 499
458 465
458 459
459 464
460 461
461 466
462 463
463 470
463 479
464 465
467 496
468 478
472 481
474 484
474 584
474 585
474 579
474 521
474 524
475 485
475 486
476 490
477 541
477 550
480 501
480 498
480 499
482 483
483 560
483 504
483 506
483 525
483 508
484 516
484 517
484 581
484 582
484 579
484 523
485 487
485 486
488 491
489 547
489 497
489 529
489 531
489 556
493 494
494 495
497 567
497 569
497 547
497 538
497 570
497 573
497 571
497 529
497 539
497 549
498 501
498 499
500 514
504 560
504 561
504 506
504 508
504 562
504 559
504 525
504 507
504 563
506 560
506 561
506 559
506 525
506 507
506 563
506 508
506 558
506 562
507 558
507 559
507 508
507 563
507 562
508 559
508 561
508 525
508 563
511 546
512 552
514 515
517 518
517 519
517 520
517 521
517 522
517 523
517 524
518 522
518 519
518 520
519 584
519 585
519 579
520 522
521 582
521 588
521 523
521 587
523 524
524 582
525 560
525 526
527 595
528 529
528 532
528 533
529 533
529 538
529 532
529 531
529 556
531 532
531 556
535 536
535 537
538 547
538 539
539 567
539 569
539 549
539 571
539 573
539 570
540 541
541 550
542 543
542 544
543 544
543 553
543 545
544 553
544 545
545 553
547 572
547 557
547 549
548 550
548 567
548 552
548 568
549 567
549 572
549 557
550 567
550 551
551 567
552 567
557 572
558 559
559 563
559 562
561 562
562 563
566 579
569 570
569 571
570 571
570 573
571 573
578 579
579 584
579 585
579 593
579 581
579 594
581 585
585 594
586 597
586 598
586 596
